9.413
9.476
9.992
10.604
10.73
11.528
12.039
14.061
11.801
11.942
8.787
8.702
8.404
8.578
7.303
7.3
7.531
7.733
9.639
9.352
9.226
10.596
9.62
9.572
8.932
8.409
9.062
9.607
12.101
14.696
14.769
14.902
14.064
13.457
12.745
12.353
11.803
12.019
12.561
12.052
11.918
14.118
11.885
9.325
8.365
7.313
8.888
9.052
7.724
6.873
7.263
7.929
9.474
12.262
13.219
12.026
10
7.245
9.424
12.701
13.334
10.866
9.148
10.992
13.628
13.577
14.992
15.073
15.189
13.652
12.28
12.459
9.689
7.829
8.601
8.253
9.267
10.018
10.713
10.022
8.107
7.839
7.173
6.428
5.615
5.82
5.986
5.839
7.123
8.276
11.493
11.976
13.578
13.205
13.369
13.371
11.277
9.933
9.149
7.997
9.429
13.782
13.046
10.643
11.001
11.018
11.402
11.281
11.115
11.58
12.431
13.101
13.043
12.823
13.948
14.596
18.813
19.228
19.662
19.453
15.724
16.303
15.245
15.786
18.263
20.203
19.636
16.789
14.376
12.448
15.041
16.747
22.351
27.707
33.238
26.031
17.679
13.357
16.219
16.072
18.807
18.058
18.624
20.517
26.786
19.6
23.825
30.939
29.789
28.177
25.348
22.869
21.979
21.368
22.626
19.805
23.104
24.416
19.783
17.442
14.553
13.621
13.488
13.543
13.966
13.627
13.627
13.525
12.456
12.646
12.854
12.547
15.163
16.048
17.748
17.6
18.164
16.69
16.251
15.805
17.331
18.222
20.123
20.99
23.856
25.099
26.556
25.731
26.956
26.665
26.007
25.252
23.894
24.085
24.033
24.851
26.488
29.865
31.882
31.699
31.041
27.447
27.542
26.795
26.809
25.951
28.391
28.968
25.541
22.414
20.869
22.712
20.663
16.821
11.795
10.342
11.103
10.39
9.797
10.058
12.151
12.84
13.749
13.411
11.864
11.176
11.922
12.343
13.262
15.483
15.492
17.896
18.158
18.36
20.112
20.686
24.483
23.021
20.484
19.12
19.11108
19.10216
19.09324
19.08432
19.0754
19.06648
19.05756
19.04864
19.03972
19.0308
19.02188
19.01296
19.00404
18.99512
18.9862
18.97728
18.96836
18.95944
18.95052
18.9416
18.93268
18.92376
18.91484
18.90592
18.897
19.59
19.059
19.52
23.103
24.105
29.565
34.467
33.772
33.775
32.284
30.155
30.891
31.215
34.015
35.526
39.313
46.169
40.036
40.058
38.249
33.375
31.537
34.653
35.017
32.766
33.578
34.315
31.638
33.765
34.033
32.969
31.755
32.077
25.937
23.204
21.307
20.902
23.951
24.761
26.722
26.65
27.593
26.526
29.72
29.412
29.428
29.461
29.20444
28.94788
28.69132
28.43476
28.1782
27.92164
27.66508
27.40852
27.15196
26.8954
26.63884
26.38228
26.12572
25.86916
25.6126
25.35604
25.09948
24.84292
24.58636
24.3298
24.07324
23.81668
23.56012
23.30356
23.047
17.467
11.358
11.568
14.856
16.178
15.782
14.864
16.063
18.416
15.473
14.347
11.583
9.779
9.344
8.738
8.908
9.139
8.419
6.28
8.055
7.724
7.952
7.959
7.139
6.986
6.816
6.967
8.523
9.221
9.342
9.128
8.694
8.474
8.308
7.342
8.464
9.25
10.635
12.104
11.104
10.859
10.212
8.89
8.818
8.233
7.009
6.622
6.342
6.236
6.22
6.52
9.172
9.282
9.173
7.676
10.483
10.771
9.575
9.384
9.338
9.871
11.031
11.782
12.543
13.305
13.663
13.293
12.065
11.511
9.939
9.103
9.08116
9.05932
9.03748
9.01564
8.9938
8.97196
8.95012
8.92828
8.90644
8.8846
8.86276
8.84092
8.81908
8.79724
8.7754
8.75356
8.73172
8.70988
8.68804
8.6662
8.64436
8.62252
8.60068
8.57884
8.557
7.777
7.085
7.447
9.093
9.485
9.509
9.176
10.835
10.313
8.488
8.089
8.327
8.462
8.67
10.031
10.446
10.339
11.959
12.313
12.516
12.014
11.123
11.189
9.847
9.573
8.821
9.249
11.517
11.439
10.879
10.17
10.506
10.616
9.1
7.326
7.823
8.22
8.147
8.15
8.735
9.639
10.818
9.773
10.618
10.663
9.347
7.882
7.774
12.123
8.409
8.016
11.076
11.802
12.609
13.403
18.285
18.776
21.679
17.531
15.404
14.348
13.251
13.937
14.497
10.181
9.704
8.329
12.436
12.486
10.408
10.192
8.391
6.336
6.092
6.209
7.25
7.981
8.724
9.46
9.337
8.896
8.027
6.9
7.615
8.225
9.941
11.718
13.974
14.628
16.229
15.828
17.97
17.994
17.679
15.591
13.233
8.633
9.574
10.419
12.494
11.904
12.507
17.422
11.836
10.792
11.409
10.682
10.932
11.302
11.641
11.281
10.646
11.057
9.861
10.477
11.806
8.779
10.348
11.413
9.232
7.96
6.5
6.54
8.155
8.496
8.165
7.41
7.464
7.054
6.938
7.842
9.503
9.585
8.45
8.773
10.239
9.85
11.313
12.36
10.293
8.077
8.008
7.891
7.523
7.785
5.029
6.635
8.627
9.247
9.364
8.997
9.295
8.994
9.667
9.835
10.468
10.896
11.249
13.129
13.605
14.12
15.001
13.568
14.429
14.259
12.943
12.518
11.228
11.163
11.067
11.848
13.32
15.773
18.451
18.06
16.127
15.524
15.248
14.422
13.74
14.283
14.474
14.849
15.269
19.577
21.578
20.938
25.172
19.737
16.42
19.019
22.225
30.81
30.044
33.119
35.807
36.991
33.207
29.232
25.122
20.288
19.305
18.511
18.452
19.43
20.9
20.706
20.396
20.271
18.181
16.976
17.133
15.847
16.063
16.395
16.919
16.273
15.905
14.409
15.872
15.31
14.849
13.693
14.237
12.771
10.529
9.445
11.131
11.546
11.28
10.705
10.902
11.039
12.042
11
12.863
13.162
11.315
10.576
8.576
7.834
7.943
8.478
9.022
11.041
11.566
10.082
9.117
8.11
7.963
7.264
7.3
7.446
7.473
7.542
9.635
10.305
11.437
11.514
10.863
10.044
9.728
10.446
7.446
7.367
7.467
8.295
10.04
10.72
10.797
16.301
15.086
13.419
14.295
14.213
14.09
13.859
12.354
11.915
11.023
10.308
9.996
9.956
10.185
8.798
7.09
6.833
6.631
6.066
7.569
8.316
9.799
10.41
9.914
9.65
8.878
8.385
7.693
7.186
9.579
9.331
8.193
7.743
9.859
8.273
9.815
10.827
10.28
10.132
9.428
9.4
8.062
6.873
6.56
6.982
8.275
9.44
9.802
9.959
8.958
8.283
8.83
9.178
9.871
9.911
9.308
9.636
11.969
13.872
16.166
15.577
17.391
16.835
15.948
14.551
12.941
16.331
14.826
15.426
14.305
14.586
13.543
13.683
13.161
12.046
10.251
9.824
10.568
11.128
11.362
14.467
14.315
14.602
14.992
15.876
16.146
14.449
14.098
14.459
14.68528
14.91156
15.13784
15.36412
15.5904
15.81668
16.04296
16.26924
16.49552
16.7218
16.94808
17.17436
17.40064
17.62692
17.8532
18.07948
18.30576
18.53204
18.75832
18.9846
19.21088
19.43716
19.66344
19.88972
20.116
22.428
18.529
17.995
15.201
14.299
12.813
11.171
12.227
11.241
14.499
14.37
16.787
22.464
14.487
11.8
13.471
13.683
14.054
11.691
15.421
16.948
15.926
15.465
13.889
14.037
13.919
14.023
18.763
21.09
22.801
21.753
22.883
21.591
25.034
27.614
33.147
37.442
27.778
28.55
26.103
25.093
23.702
22.856
26.023
25.515
28.316
29.22
26.492
26.333
25.59
25.955
26.006
25.361
24.344
22.311
22.323
21.968
23.738
23.929
26.441
27.621
27.686
30.89
34.763
35.277
36.895
37.781
40.288
40.434
39.152
38.578
37.606
39.394
37.584
34.547
38.026
40.214
37.434
36.942
36.388
32.709
36.229
36.361
37.437
37.056
37.649
37.684
37.721
37.134
37.592
37.909
38.89
39.268
37.209
38.106
37.83
33.469
32.045
30.672
33.059
33.272
35.187
35.864
50.462
53.579
60.879
54.829
50.679
50.131
48.604
46.471
48.469
46.86
49.531
49.358
51.199
50.532
52.173
49.36
38.76
44.372
46.531
43.823
45.937
48.304
50.511
50.536
46.879
44.47
40.813
35.473
29.761
28.781
28.58
26.982
27.115
27.627
28.467
28.83
26.93
25.245
18.658
18.597
15.957
15.597
16.585
17.136
19.579
22.018
19.289
17.81
16.044
16.043
17.684
15.191
13.588
12.693
14.162
13.913
14.675
14.899
15.008
15.511
16.048
15.834
14.33
15.563
7.077
7.922
7.947
8.017
9.254
9.554
8.203
6.848
7.502
7.298
8.004
7.94
9.857
10.626
11.845
12.364
12.358
12.974
14.575
14.46
14.792
14.858
14.865
14.478
12.857
11.017
9.543
9.447
11.154
12.081
12.119
12.695
13.078
11.812
10.881
9.932
10.396
10.991
12.198
13.713
16.96
16.369
17.83
20.116
21.948
19.49
16.934
14.781
15.216
22.765
20.807
17.949
16.801
16.614
16.834
15.863
15.277
13.574
12.056
12.928
12.713
13.072
13.124
14.178
17.707
18.969
16.823
19.592
16.783
17.378
16.517
17.398
16.124
17.059
17.771
16.899
18.026
20.105
22.588
23.496
21.986
19.756
17.419
15.336
12.745
12.704
14.597
14.511
16.329
16.702
17.508
15.755
12.467
8.036
10.788
10.805
10.9688
11.1326
11.2964
11.4602
11.624
11.7878
11.9516
12.1154
12.2792
12.443
12.6068
12.7706
12.9344
13.0982
13.262
13.4258
13.5896
13.7534
13.9172
14.081
14.2448
14.4086
14.5724
14.7362
14.9
16.713
13.136
12.647
12.997
13.232
13.649
13.224
20.898
22.612
26.691
22.932
15.915
13.303
13.757
13.67
16.029
16.645
18.931
19.481
27.155
22.047
16.717
21.514
21.023
19.278
19.775
19.306
12.487
13.235
12.929
12.921
16.565
18.459
19.425
17.349
13.703
9.191
15.906
16.437
18.218
18.741
20.258
20.4
45.185
52.363
70.615
74.063
74.948
53.107
57.799
59.201
51.293
48.662
43.179
40.101
33.647
32.304
28.692
27.317
22.645
19.645
18.793
17.363
20.134
23.249
27.523
29.89
23.53
21.01
20.738
21.05
18.331
17.899
18.423
19.084
21.122
23.31
25.22
25.759
23.977
22.973
23.959
23.993
26.005
26.04
25.411
26.892
29.299
29.046
26.945
25.17
22.431
19.884
19.57
19.048
17.72
18.79
17.239
17.314
18.033
19.375
20.864
21.571
22.012
21.788
22.588
21.006
20.31
19.584
21.128
23.41
23.018
23.812
17.787
17.637
17.342
17.067
17.019
16.775
18.5186
20.2622
22.0058
23.7494
25.493
27.2366
28.9802
30.7238
32.4674
34.211
35.9546
37.6982
39.4418
41.1854
42.929
44.6726
46.4162
48.1598
49.9034
51.647
53.3906
55.1342
56.8778
58.6214
60.365
59.499
59.321
59.321
59.954
60.307
61.162
59.361
59.994
58.758
52.377
47.782
40.792
34.988
25.803
21.721
20.71
23.139
26.32
26.191
24.219
22.681
24.757
26.853
27.627
28.488
25.801
25.967
27.504
28.169
28.689
28.141
25.33
23.722
21.466
20.04
20.511
19.913
20.32
20.792
24.125
24.675
25.21
25.167
25.976
26.335
26.387
27.149
26.90944
26.66988
26.43032
26.19076
25.9512
25.71164
25.47208
25.23252
24.99296
24.7534
24.51384
24.27428
24.03472
23.79516
23.5556
23.31604
23.07648
22.83692
22.59736
22.3578
22.11824
21.87868
21.63912
21.39956
21.16
21.946
20.931
20.923
22.004
21.442
21.643
20.29
17.003
16.247
15.624
15.121
15.073
15.276
15.793
14.21
14.919
15.504
17.665
17.108
19.14
19.878
19.964
20.447
19.708
20.153
18.167
18.497
18.514
19.169
16.659
14.17
14.905
14.941
13.565
11.727
12.741
13.079
13.714
15.841
19.332
21.934
22.934
22.588
21.766
20.888
19.105
18.007
16.303
18.716
18.514
19.708
23.133
25.085
26.824
26.457
26.945
24.317
27.918
28.65
28.905
29.108
27.64
26.765
26.584
26.75
23.957
22.655
22.88
23.416
26.449
26.285
26.09
28.344
26.938
26.455
24.37
23.501
24.023
22.924
26.118
25.055
26.913
28.529
30.621
30.924
27.181
24
32.671
34.272
35.676
34.991
36.922
38.693
36.101
35.823
31.1
30.848
28.673
26.172
32.012
43.86
44.679
35.32
35.907
36.136
35.933
35.404
35.795
36.034
35.379
35.203
35.356
34.228
36.237
34.989
35.396
34.565
34.533
33.548
33.715
34.457
34.669
35.586
35.981
36.353
36.185
35.301
35.704
35.794
37.074
40.009
47.605
52.842
31.555
24.959
20.766
17.76
15.719
12.968
14.209
15.16
20.027
26.864
21.831
17.902
18.717
17.912
20.512
23.781
25.577
18.126
16.172
16.23
16.619
16.88
16.299
17.018
15.783
13.911
15.163
15.242
15.307
14.968
16.227
13.571
12.951
13.843
13.83536
13.82772
13.82008
13.81244
13.8048
13.79716
13.78952
13.78188
13.77424
13.7666
13.75896
13.75132
13.74368
13.73604
13.7284
13.72076
13.71312
13.70548
13.69784
13.6902
13.68256
13.67492
13.66728
13.65964
13.652
12.725
12.393
13.697
14.231
15.009
13.741
14.424
13.96
14.569
13.752
14.105
13.265
11.714
10.844
10.276
13.08
14.643
16.559
16.206
19.85
18.104
17.296
15.612
15.943
13.419
11.797
12.073
13.794
14.825
16.277
12.118
13.857
13.034
12.382
12.319
12.492
12.521
12.767
11.58
12.739
12.008
11.176
9.438
10.082
10.43
11.659
11.976
11.245
10.406
9.281
9.013
12.232
12.561
10.267
7.838
7.697
7.672
8.88
8.791
9.583
10.298
9.542
9.434
10.037
9.967
9.512
9.06
9.65
9.22
11.848
12.208
12.433
12.915
11.544
10.369
11.548
12.502
13.021
12.89
12.225
8.86
9.242
9.094
9.335
9.573
11.446
12.66
8.332
7.229
9.683
9.645
11.421
10.68
12.874
14.71
13.387
14.748
14.598
14.585
16.712
16.895
17.543
17.552
18.885
20.251
23.086
24.241
19.488
17.337
14.682
13.73
14.112
15.015
17.084
15.655
18.295
17.275
16.938
17.586
15.733
8.951
12.288
13.924
15.238
14.106
12.474
11.742
10.729
10.616
10.097
9.554
9.938
10.345
10.819
11.239
11.563
11.657
13.263
13.538
22.363
24.517
22.031
20.395
15.207
11.613
8.786
8.903
9.664
10.258
10.425
9.262
8.004
7.826
7.989
7.295
7.275
7.452
8.61
7.801
6.68
5.674
9.303
8.525
9.552
9.396
9.235
8.864
8.549
8.587
7.899
9.154
11.609
10.677
9.92
9.02
10.329
10.307
9.081
8.401
9.526
10.107
9.689
9.437
9.798
10.224
10.201
9.416
9.251
8.949
8.436
8.634
7.933
8.099
7.576
8.492
10.274
11.029
11.044
10.866
10.517
11.232
12.756
13.024
13.209
13.899
14.128
13.127
13.18
13.992
14.022
14.675
17.314
15.436
15.593
15.335
15.985
18.943
23.046
23.963
23.183
22.749
23.381
23.86
22.309
21.55
14.634
9.725
9.033
8.793
10.86
10.406
10.876
14.7
13.504
11.811
12.758
11.812
11.675
13.226
8.489
7.41
8.61
9.151
11.339
13.126
14.429
13.845
13.094
10.831
10.697
9.917
10.596
10.828
10.973
10.663
11.699
13.756
12.647
11.13
10.111
9.826
9.798
10.243
9.661
10.453
10.14
8.44
12.64
15.472
17.568
14.426
14.586
12.933
12.77
12.28
13.612
13.681
14.847
15.19
15.049
15.678
20.273
21.502
15.868
14.87
13.033
15.421
16.615
20.093
19.675
20.552
24.242
24.203
23.548
21.3
24.299
22.472
25.447
23.661
29.985
30.374
22.885
25.041
25.416
22.313
20.978
20.246
21.448
19.529
22.559
22.773
24.834
29.165
28.23
25.505
26.69
27.081
27.323
24.63
25.714
23.875
25.456
25.888
28.14
29.767
30.637
30.384
31.385
31.642
31.033
28.431
28.958
28.989
29.622
31.245
31.734
32.095
31.832
33.628
37.21
38.068
38.138
35.82
33.248
33.05
32.374
32.353
34.438
35.372
37.525
35.675
38.369
36.772
36.487
35.731
37.104
36.624
36.097
35.793
35.925
36.94
34.976
34.873
34.235
32.334
29.281
26.062
24.877
25.535
24.476
24.21
19.841
17.926
15.707
16.641
19.072
19.461
19.347
19.446
16.942
14.272
13.101
12.015
9.453
9.742
11.894
13.393
17.506
20.193
22.165
21.595
19.817
17.315
17.644
17.102
16.227
15.899
15.954
16.494
15.41
15.063
17.199
18.685
23.604
25.622
26.096
26.819
22.782
27.239
27.507
24.689
23.707
22.314
22.075
20.747
18.019
16.092
15.99
15.386
14.668
15.499
17.365
17.646
18.958
20.349
21.934
22.093
20.305
20.225
17.295
16.763
14.73
14.046
13.689
13.934
15.875
17.441
16.633
16.199
15.782
15.314
14.697
14.188
14.634
15.911
16.635
17.409
18.052
18.44
18.397
17.895
18.354
17.351
17.11
16.979
16.175
16.232
17.336
18.209
18.789
19.491
19.36
19.363
19.361
18.788
17.092
15.83
14.757
14.834
16.581
18.204
20.734
28.827
27.793
30.23
40.609
41.838
43.94
51.017
50.67316
50.32932
49.98548
49.64164
49.2978
48.95396
48.61012
48.26628
47.92244
47.5786
47.23476
46.89092
46.54708
46.20324
45.8594
45.51556
45.17172
44.82788
44.48404
44.1402
43.79636
43.45252
43.10868
42.76484
42.421
40.351
39.434
38.099
34.803
34.98
35.94
29.838
28.112
25.731
24.072
17.27
16.293
15.912
15.989
16.784
16.669
19.247
31.127
28.027
32.014
31.731
34.334
37.052
37.055
29.343
26.392
22.79
16.802
12.457
23.297
16.584
13.541
12.202
13.583
11.838
8.434
8.182
8.46
9.163
9.674
10.606
11.421
10.397
9.707
9.691
9.886
9.086
7.693
7.228
7.6
8.466
12.012
15.836
18.62
12.787
10.744
9.863
8.098
6.66
6.207
6.603
6.988
8.733
11.577
10.905
12.068
10.543
10.468
10.818
10.988
10.13
8.145
7.722
9.215
11.773
15.026
16.975
17.11
16.813
15.07
12.265
11.015
9.455
9.573
9.058
7.743
7.963
8.5
9.768
11.027
9.702
10.004
8.443
9.12
9.219
8.876
8.719
8.525
8.808
11.078
12.671
11.427
13.098
13.916
12.046
11.439
10.827
7.323
7.276
7.021
7.484
8.014
10.156
10.896
10.423
10.363
12.196
12.454
13.329
17.527
12.679
11.646
9.926
10.392
11.054
10.563
12.743
11.435
11.521
12.21
12.234
11.742
12.147
10.494
11.656
14.891
10.496
10.545
9.847
10.068
10.409
10.652
10.332
10.582
10.924
11.188
11.897
13.613
13.784
14.23
14.5
12.874
13.219
12.654
12.927
12.821
13.868
13.27
13.045
12.964
16.17
17.089
15.55
14.4
16.044
15.634
15.081
12.988
13.229
13.288
11.201
12.97
13.873
13.903
11.836
9.476
10.348
10.223
11.01
11.029
11.691
11.744
11.098
11.835
13.553
14.726
14.428
13.544
13.186
11.626
11.072
11.991
11.048
10.871
12.09
13.043
13.273
13.218
13.441
13.149
11.788
11.775
10.969
10.634
11.067
10.739
12.254
12.987
12.377
13.087
10.176
9.14
9.458
9.398
9.566
6.486
8.519
9.056
9.52
11.768
13.359
12.756
11.306
9.257
9.304
8.856
8.984
8.518
8.905
8.582
8.162
7.93
9.2
10.016
8.674
8.594
8.811
8.409
7.798
7.026
6.947
6.973
6.325
9.025
9.39
9.645
9.116
8.442
8.805
8.521
8.869
9.307
11.143
12.189
12.241
14.049
16.202
20.333
15.219
12.597
12.153
13.39
14.681
12.647
9.376
11.644
12.101
15.447
16.547
15.599
14.262
12.841
12.586
11.623
10.828
10.37
11.104
10.799
11.801
13.247
16.348
17.96
16.304
16.19
17.766
15.328
13.121
13.808
12.892
10.396
11.952
15.429
17.534
16.487
15.487
13.564
12.708
12.412
13.266
13.146
16.605
17.591
16.116
16.713
20.143
27.817
26.208
22.672
21.188
20.434
22.192
20.241
20.531
20.673
19.114
21.703
24.011
22.536
23.765
25.864
17.646
15.633
15.403
15.307
14.492
14.465
13.792
14.13
15.526
16.485
16.735
16.336
15.823
14.659
13.144
16.31
15.537
15.198
16.146
21.894
30.445
35.447
41.573
51.057
43.455
31.644
28.774
28.77
28.34
30.46
27.922
23.015
18.863
23.246
18.661
13.024
14.73
15.973
19.257
15.159
14.741
13.882
15.475
22.623
25.711
19.648
15.963
12.413
11.946
11.391
9.878
9.41
11.238
11.632
11.514
12.271
12.526
15.001
12.051
11.394
11.818
13.882
11.865
10.979
10.054
11.005
14.444
14.106
15.483
14.808
14.502
13.363
12.869
10.742
9.935
10.178
12.781
11.407
11.209
12.296
14.663
17.58
14.379
13.055
14.905
13.937
13.058
12.702
13.061
13.338
15.203
19.604
25.809
30.416
36.064
32.908
32.075
31.963
43.882
57.345
54.271
36.628
33.272
31.601
27.183
27.127
18.57
13.231
14.995
16.394
18.099
16.365
18.523
19.833
21.7
25.696
29.309
31.512
26.735
25.734
20.771
19.028
14.175
13.349
12.352
12.744
12.323
13.299
15.437
23.086
20.35
21.184
19.887
18.002
17.365
32.092
28.523
29.057
22.632
19.858
19.019
17.398
18.584
20.005
19.785
19.163
17.101
11.542
11.755
10.677
10.709
11.353
12.786
16.532
13.181
12.554
13.503
14.143
14.717
16.243
11.75
11.664
12.734
14.738
16.073
15.903
16.791
16.805
16.939
18.797
15.171
12.32
11.711
11.614
11.12
11.417
11.897
13.394
11.647
11.498
12.606
12.088
12.061
11.495
10.717
11.572
13.331
12.122
16.44
11.491
14.935
14.12
12.926
12.314
13.792
14.156
13.428
12.761
12.651
14.151
16.16
23.116
20.848
22.15
20.119
19.581
17.605
17.55104
17.49708
17.44312
17.38916
17.3352
17.28124
17.22728
17.17332
17.11936
17.0654
17.01144
16.95748
16.90352
16.84956
16.7956
16.74164
16.68768
16.63372
16.57976
16.5258
16.47184
16.41788
16.36392
16.30996
16.256
17.156
18.55
25.434
26.129
27.725
26.329
27.478
17.789
12.678
11.565
14.335
15.056
16.39
15.849
13.986
8.46
15.132
18.443
17.716
16.529
19.303
20.036
17.682
16.473
16.24
15.935
17.735
21.609
26.711
30.932
25.691
28.188
31.158
23.727
20.5
17.083
17.205
17.284
17.712
19.287
23.957
36.591
35.574
38.617
35.595
31.741
26.78
24.081
25.096
27.262
31.332
36.821
46.803
49.058
58.251
59.24
43.707
34.729
23.796
18.174
17.098
16.116
16.142
15.729
15.874
18.276
17.686
17.754
20.005
22.915
18.61
19.837
19.015
18.665
22.075
26.452
29.789
30.638
29.665
28.232
25.286
20.645
17.976
16.006
15.778
15.848
14.931
14.965
15.219
15.857
17.289
17.418
21.69
22.461
21.246
19.713
29.295
17.394
17.681
20.551
22.279
21.553
21.57
19.022
19.362
20.788
18.171
17.075
17.976
19.026
19.448
20.431
21.474
21.412
23.294
22.627
22.293
22.243
23.027
22.55612
22.08524
21.61436
21.14348
20.6726
20.20172
19.73084
19.25996
18.78908
18.3182
17.84732
17.37644
16.90556
16.43468
15.9638
15.49292
15.02204
14.55116
14.08028
13.6094
13.13852
12.66764
12.19676
11.72588
11.255
10.368
10.32
11.244
14.76
18.076
14.691
13.329
12.088
13.802
13.936
12.939
12.817
12.88
11.942
13.532
14.861
14.745
15.131
14.278
15.178
14.329
14.955
14.955
14.934
16.485
17.225
18.012
18.296
18.814
18.002
14.8
13.604
12.117
11.041
10.124
9.781
10.6
11.1
10.264
11.108
11.238
11.923
12.401
11.928
11.207
10.558
9.729
8.842
8.72
9.209
9.84
11.621
11.803
12.512
11.034
10.378
10.541
10.073
10.646
10.464
10.44
10.429
10.33
10.847
12.684
16.324
17.837
24.827
23.246
23.06
16.48
13.762
12.008
12.364
14.122
17.723
18.981
16.714
13.168
10.586
11.398
10.437
10.867
9.784
11.049
11.236
11.816
10.931
11.733
12.77
12.424
13.202
13.597
13.199
11.8
10.609
8.885
6.61
8.743
11.079
12.311
11.62
11.042
10.992
10.13
9.769
9.574
9.424
10.246
10.447
10.615
11.345
12.999
16.908
17.967
18.342
15.757
15.123
13.391
15.602
15.029
16.24
11.463
13.068
14.585
14.214
13.291
11.596
11.423
11.808
12.654
13.448
12.764
12.04
13.672
13.817
15.705
18.532
23.074
26.278
18.941
17.297
16.369
16.32964
16.29028
16.25092
16.21156
16.1722
16.13284
16.09348
16.05412
16.01476
15.9754
15.93604
15.89668
15.85732
15.81796
15.7786
15.73924
15.69988
15.66052
15.62116
15.5818
15.54244
15.50308
15.46372
15.42436
15.385
11.52
9.609
15.149
14.383
14.364
13.75
13.224
14.589
16.008
16.238
12.598
12.598
11.762
12.848
11.965
12.017
11.912
15.764
13.673
14.435
17.475
18.207
16.227
14.84
14.301
15.02
15.386
15.651
16.908
17.051
17.906
15.695
11.773
9.467
9.628
8.497
9.013
9.019
8.954
9.529
10.566
13.508
13.14
11.412
11.123
11.739
11.552
9.02
8.91
9.671
11.012
14.978
17.919
19.865
20.858
22.458
18.058
13.908
11.767
9.758
9.623
10.426
11.312
11.449
14.637
16.935
17.029
18.766
12.467
11.203
9.836
13.836
11.469
11.728
11.422
12.471
14.689
13.971
17.757
14.998
16.611
17.709
18.569
18.698
19.189
19.893
20.454
20.955
20.626
20.717
22.244
23.425
26.029
23.719
20.046
13.43
26.344
27.777
32.699
36.57
37.668
32.421
26.477
19.84
22.591
20.971
20.453
20.234
19.386
19.117
18.2
19.694
17.886
17.604
18.362
19.989
21.604
21.868
20.74
19.301
20.913
21.565
22.081
23.512
25.716
25.76
25.321
25.257
23.695
23.277
19.839
18.527
18.049
17.856
17.62
16.912
18.321
20.29
20.718
21.038
23.7
23.673
21.853
16.924
19.455
20.661
22.195
24.298
23.736
22.661
21.335
20.973
18.546
14.831
12.357
11.967
12.402
12.7
13.081
13.308
13.392
14.467
14.322
14.516
19.84
23.075
25.163
24.189
19.559
19.768
21.214
22.505
22.459
21.22
21.57
21.8
22.005
19.98
17.095
16.091
15.246
15.308
15.734
16.094
14.7
15.209
16.403
16.803
18.093
20.204
19.375
19.09028
18.80556
18.52084
18.23612
17.9514
17.66668
17.38196
17.09724
16.81252
16.5278
16.24308
15.95836
15.67364
15.38892
15.1042
14.81948
14.53476
14.25004
13.96532
13.6806
13.39588
13.11116
12.82644
12.54172
12.257
11.831
12.13
12.54
14.853
15.915
13.454
12.612
13.147
12.256
12.315
12.239
11.869
11.76
11.633
12.041
12.528
12.741
13.745
12.871
13.619
14.11
13.884
13.818
15.146
12.916
13.235
14.462
14.641
15.53
15.547
15.811
13.469
12.296
11.812
11.309
10.929
11.418
11.136
11.163
11.445
12.139
15.454
14.873
14.265
14.203
14.237
13.48
13.27068
13.06136
12.85204
12.64272
12.4334
12.22408
12.01476
11.80544
11.59612
11.3868
11.17748
10.96816
10.75884
10.54952
10.3402
10.13088
9.92156
9.71224
9.50292
9.2936
9.08428
8.87496
8.66564
8.45632
8.247
8.239
8.948
9.726
12.132
13.994
13.222
11.502
11.001
11.31
11.326
9.815
9.192
9.097
11.219
12.616
11.249
13.249
16.831
15.58
10.929
10.112
10.8
11.439
11.96504
12.49108
13.01712
13.54316
14.0692
14.59524
15.12128
15.64732
16.17336
16.6994
17.22544
17.75148
18.27752
18.80356
19.3296
19.85564
20.38168
20.90772
21.43376
21.9598
22.48584
23.01188
23.53792
24.06396
24.59
29.523
29.232
28.838
30.453
30.629
30.824
29.923
31.109
30.674
31.133
28.261
29.105
30.286
31.442
30.45
30.54
31.068
32.13
31.508
31.041
32.151
31.662
32.128
33.097
31.285
30.474
30.821
36.069
39.192
37.973
31.856
30.262
30.892
31.296
30.214
30.9
28.174
27.265
22.692
21.587
23.564
25.73
24.709
25.468
22.923
21.836
20.951
20.252
19.257
19.88
19.929
21.739
22.364
21.285
20.834
20.606
21.296
20.906
19.585
19.649
20.627
22.626
18.86
19.076
18.732
19.196
18.168
16.591
15.574
15.196
15.497
16.675
14.749
14.274
14.528
16.112
18.269
18.336
18.904
17.222
20.069
22.533
20.827
19.482
17.375
17.435
17.189
18.066
18.046
21.065
16.818
16.688
17.213
18.109
17.307
17.28032757
17.25374008
17.22727969
17.20098823
17.17490716
17.14907746
17.12353958
17.09833335
17.07349791
17.04907164
17.02509211
17.00159596
16.97861891
16.9561956
16.93435964
16.91314345
16.89257826
16.87269402
16.85351939
16.83508165
16.81740667
16.80051884
16.78444108
16.76919476
16.75479964
16.74127392
16.72863411
16.71689509
16.70607001
16.69617033
16.68720576
16.67918426
16.67211206
16.66599358
16.66083148
16.65662667
16.65337825
16.65108357
16.64973823
16.64933605
16.64986915
16.65132791
16.65370102
16.6569755
16.66113674
16.66616848
16.67205291
16.67877066
16.68630087
16.69462119
16.70370787
16.71353578
16.72407845
16.73530815
16.74719592
16.75971166
16.77282414
16.78650108
16.80070922
16.81541439
16.83058156
16.8461749
16.86215785
16.87849322
16.89514322
16.91206955
16.92923348
16.94659589
16.96411739
16.98175835
16.99947901
17.0172395
17.035
18.858
19.198
20.415
29.835
35.508
40.92
36.976
37.001
37.897
29.649
23.622
21.418
19.867
19.283
20.473
22.069
21.763
22.327
24.467
25.031
29.544
31.709
32.089
41.592
27.234
27.782
45.041
32.06
36.871
37.191
38.843
40.298
39.907
38.217
35.077
35.923
32.969
30.006
27.746
20.031
28.293
33.278
35.425
40.714
44.632
43.332
45.845
51.426
46.56
44.089
37.163
28.045
29.393
29.617
29.735
30.76
32.104
30.957
27.614
27.543
23.677
21.835
19.992
19.964
18.586
17.298
15.125
14.568
15.538
15.336
15.623
17.88
19.254
21.619
21.818
19.331
19.477
19.742
24.865
27.469
28.079
25.58
18.522
16.337
14.738
14.113
14.153
14.427
14.835
15.843
17.554
17.529
18.314
15.801
13.317
16.709
17.906
18.403
18.389
19.877
16.584
15.175
13.453
12.499
12.701
12.442
13.627
12.591
13.03
12.077
13.258
14.401
15.972
18.318
18.933
18.599
17.718
19.144
19.459
15.03
14.293
14.274
14.892
19.479
19.781
19.696
15.127
14.43
12.732
12.626
11.207
10.312
12.901
13.195
13.498
14.288
14.694
16.301
19.772
22.207
20.227
18.19
15.245
20.141
15.514
14.992
15.753
16.231
18.657
21.547
18.109
16.614
15.681
14.037
13.776
13.466
13.155
14.2
12.947
13.227
16.271
17.032
17.198
14.154
14.568
15.052
14.133
14.458
12.86
12.754
13.587
15.221
16.032
17.334
23.653
17.141
15.114
13.453
13.656
12.974
13.015
12.756
13.084
13.534
14.193
14.997
17.184
15.882
17.122
17.54
16.698
11.864
11.272
14.208
12.298
16.897
18.71
15.254
16.158
18.977
22.89
22.105
14.876
13.724
13.545
13.043
13.355
14.288
13.165
13.674
16.688
16.25
16.094
17.816
18.665
10.774
11.656
12.497
17.444
19.227
19.505
18.879
17.408
16.45
15.684
16.197
12.991
11.868
11.588
11.68
11.849
12.314
12.474
13.127
12.559
12.9
13.027
13.53
12.886
15.253
14.42
10.103
8.74
11.564
12.925
13.606
12.353
11.691
11.723
11.595
11.172
10.969
10.968
10.568
10.448
10.684
11.683
13.309
16.277
17.884
19.014
18.817
19.283
19.782
17.449
17.601
17.617
21.866
18.204
19.397
19.22
20.442
14.321
24.371
21.212
16.323
10.791
14.459
14.526
15.088
11.66
13.693
16.936
16.492
15.904
15.734
15.258
19.352
18.816
19.133
16.167
17.389
16.043
15.222
13.645
13.325
12.771
11.998
12.764
12.933
13.023
13.114
13.494
12.283
14.625
19.208
16.156
13.772
12.021
12.655
12.999
12.39
11.057
13.113
15.243
18.723
22.222
23.052
23.419
24.128
22.287
20.416
17.958
15.39
13.668
11.705
17.104
18.552
20.002
21.014
19.981
17.467
17.868
19.306
18.164
52.82
50.888
58.242
54.149
40.731
47.438
50.457
40.681
37.394
31.588
28.09
32.209
32.099
30.617
30.797
33.634
26.755
23.015
37.728
38.334
37.103
28.418
28.154
27.516
27.314
27.934
32.01
37.963
29.354
29.016
27.15
23.525
22.985
25.969
22.653
23.372
30.412
29.971
30.554
29.835
31.283
27.848
29.901
30.108
34.373
35.433
36.149
27.521
12.486
13.252
14.096
13.979
17.619
19.628
22.314
18.368
16.826
13.236
12.581
11.79
11.852
11.513
11.401
10.729
10.765
10.711
11.227
10.364
11.31
12.71
17.61
16.247
14.18
14.476
16.138
18.7
18.124
15.898
15.422
19.177
25.449
30.315
34.153
21.746
19.72
19.394
19.991
20.274
19.963
19.728
21.627
21.777
23.325
27.258
33.781
29.643
23.829
26.168
27.949
30.059
33.252
40.334
42.948
45.798
43.531
39.882
39.398
37.547
37.055
35.115
33.417
30.179
27.918
26.018
28.027
33.672
34.008
29.727
27.189
33.226
45.115
41.558
33.783
28.95
36.583
40.078
43.808
43.404
45.325
46.087
42.111
39.88
40.012
37.857
36.671
35.357
31.873
39.016
36.677
34.928
32.067
32.984
33.386
41.098
54.17
41.637
40.007
39.699
37.581
37.854
35.823
31.324
36.422
41.213
34.176
25.798
24.186
21.703
18.595
17.666
18.554
19
17.414
24.594
24.19
21.5
21.661
26.447
17.952
21.283
23.112
26.169
18.092
16.741
17.471
16.605
16.911
15.556
15.311
12.52
15.674
10.949
11.133
12.362
13.235
15.497
20.702
17.822
22.925
22.69
19.76
19.135
13.074
11.583
11.113
10.965
11.118
11.669
11.05
10.084
9.251
9.462
9.599
10.373
10.458
11.82
13.2
13.272
13.31
12.909
13.916
12.96
13.854
15.271
20.608
19.015
15.995
12.856
11.943
13.149
23.569
25.266
20.602
15.313
14.382
13.041
12.658
12.356
12.094
12.156
12.173
12.305
12.764
11.231
11.891
12.961
13.068
12.314
11.884
11.731
12.22
11.198
11.54
12.172
14.912
15.406
15.828
14.546
14.899
15.386
13.788
13.302
12.942
11.945
11.835
11.533
11.656
11.42
12.807
13.521
15.057
18.656
18.873
16.28
14.416
13.809
13.594
13.034
14.791
14.924
13.989
12.792
12.43
11.951
11.393
11.535
11.371
12.362
12.539
12.17
12.329
12.062
12.166
11.76
12.144
13.564
13.984
14.78
12.954
12.362
9.989
12.616
9.384
10.305
10.087
9.297
9.285
10.974
10.832
10.533
10.053
10.711
11.273
12.07
13.243
13.067
13.535
13.357
13.21
12.4
11.648
10.019
9.25
9.436
10
11.037
11.92
14.399
15.848
15.127
14.993
13.795
9.853
8.841
8.217
8.081
8.095
7.846
7.841
8.794
10.64
8.832
7.667
8.181
8.436
9.24
8.484
7.8
8.279
8.933
11.939
13.263
13.261
10.278
9.633
9.01
8.702
10.008
11.249
14.48
14.599
15.422
15.1
11.004
10.764
10.914
12.076
12.5
12.818
13.295
10.815
13.438
15.584
16.783
16.525
18.315
22.882
22.08
24.675
15.314
14.123
11.37
9.806
13.139
13.821
16.99
16.585
15.259
14.079
12.284
11.103
13.179
14.264
15.856
19.196
14.044
13.206
14.92
16.319
17.189
15.959
15.196
16.227
15.104
14.318
14.07
13.328
13.272
13.243
13.011
13.351
13.544
14.292
15.844
17.134
14.497
12.488
10.968
10.93
10.446
10.528
12.209
11.931
14.956
14.938
13.452
11.969
11.998
12.255
12.27
13.363
15.324
18.43
16.116
15.276
14.057
15.879
13.261
11.867
13.442
13.085
12.646
12.515
11.391
12.436
13.241
15.4
16.494
15.849
14.783
14.174
14.653
14.074
13.61
13.796
13.865
14.461
14.111
14.088
14.733
15.581
16.924
18.012
19.92
21.177
21.124
22.224
13.726
20.515
14.708
24.852
27.871
29.338
27.926
15.24
14.898
14.823
13.898
13.753
16.851
16.818
16.31
15.55
12.761
15.959
16.031
16.483
12.247
12.776
12.588
18.321
16.854
15.76
16.967
18.097
21.247
20.421
13.317
16.848
15.352
14.66
13.073
13.311
14.048
14.326
13.589
13.912
15.824
18.371
18.996
19.413
19.034
18.914
18.296
21.029
18.458
15.588
17.721
19.663
22.05
21.115
19.347
17.111
16.488
14.905
14.647
14.415
14.296
13.638
12.647
12.935
14.009
15.473
14.742
14.863
16.454
16.287
16.945
13.661
14.743
16.16
19.086
21.788
23.343
23.624
22.713
21.586
19.983
18.286
17.227
16.517
16.385
15.806
13.575
12.355
12.577
12.917
15.273
15.31
16.662
19.032
19.754
17.952
17.295
17.636
18.132
22.317
24.042
24.148
21.882
20.67
18.565
18.391
15.858
19.155
20.018
20.468
20.929
21.564
22.074
23.004
22.017
13.056
15.064
16.011
17.138
20.247
23.072
24.191
24.781
19.689
21.352
20.216
17.86
16.854
16.821
16.269
16.26
15.949
16.342
17.974
18.001
18.212
18.409
19.3
18.383
18.3
18.929
18.957
19.523
18.215
18.371
20.209
20.419
22.137
22.24
21.234
20.916
19.551
18.461
17.47
17.218
17.186
17.671
18.201
19.19
19.662
19.126
19.83
22.082
20.934
20.87
23.052
25.147
21.516
20.696
20.031
20.759
23.237
22.879
22.854
24.95
24.63
24.595
18.034
17.401
16.877
17.119
17.745
16.448
18.412
20.425
18.851
18.522
17.905
17.854
17.269
15.35
15.324
13.675
13.505
14.463
23.716
24.78
24.921
24.264
23.221
15.122
15.101
15.638
15.685
16.516
16.763
15.383
15.001
14.796
14.702
13.738
15.077
14.486
13.67
12.502
12.5
12.692
12.667
12.038
12.916
13.339
12.382
11.666
11.312
11.121
10.849
10.176
10.097
10.43
13.931
14.032
14.395
12.901
13.463
12.66
13.1
13.779
13.399
13.013
13.213
12.95
13.073
14.907
17.185
17.717
17.249
16.996
15.379
13.876
13.013
12.235
12.103
11.883
11.505
11.678
12.192
12.146
12.544
12.203
12.716
14.487
15.279
14.645
13.543
13.038
13.964
15.182
15.377
17.28
17.816
16.57
14.246
13.869
14.083
15.041
15.016
16.039
18.623
17.18
17.116
15.803
15.38
14.97
14.549
15.702
17.039
18.662
20.509
19.349
19.665
20.559
24.293
26.584
26.991
25.062
24.561
22.385
20.971
19.149
17.176
14.308
14.971
14.127
14.657
15.917
16.954
17.28
17.77
18.985
21.326
21.974
19.355
19.39
18.971
19.121
21.073
23.389
23.132
23.427
23.829
21.751
20.668
19.26
17.666
17.706
17.954
17.976
17.74
18.418
18.762
18.162
18.995
20.39
21.936
22.997
20.273
18.752
19.927
20.585
22.955
22.619
22.716
22.295
22.742
23.789
23.344
20.325
19.396
18.366
17.254
18.129
18.452
18.952
19.813
19.246
19.829
19.01
21.802
21.076
15.376
12.47
11.15
12.492
14.722
15.679
14.077
13.827
12.842
12.68
12.435
10.139
10.006
9.717
15.493
11.586
14.407
12.477
12.692
12.506
12.342
13.03
12.622
12.2
11.642
10.649
12.471
13.434
14.17
17.236
17.55
14.093
13.611
11.954
10.367
9.106
8.595
9.298
10.377
11.359
11.637
12.324
12.944
11.831
11.774
10.924
10.985
10.808
10.64
10.845
11.647
12.482
16.295
19.978
22.89
14.917
14.971
15.141
14.378
14.335
14.571
15.26
14.87
15.085
15.635
15.562
16.007
15.574
16.351
15.456
14.518
14.534
15.176
16.682
18.947
23.207
18.657
32.36
32.386
17.623
17.02
16.974
16.573
16.599
16.657
16.867
17.175
16.906
17.16
16.456
17.525
17.375
16.617
18.88
19.615
18.229
17.989
16.766
15.624
16.065
18.65
22.057
24.265
21.198
21.119
21.903
17.917
16.773
15.881
17.007
17.494
18.121
19.196
19.926
22.222
23.026
22.972
21.779
23.44
24.168
22.996
25.271
28.762
23.721
33.005
30.811
31.183
30.266
30.191
19.477
18.676
17.782
17.711
18.372
18.021
16.853
17.904
18.754
18.958
19.507
18.458
21.626
22.055
23.378
23.968
23.012
22.531
22.943
24.911
23.664
23.286
21.313
20.188
18.511
16.733
15.537
15.685
17.491
19.076
18.502
18.976
17.494
17.729
18.767
19.914
21.342
23.805
22.657
23.843
23.786
20.222
19.557
23.59
25.66
29.025
24.738
24.318
21.611
19.128
16.748
16.001
14.92
14.636
14.443
14.929
15.126
15.778
15.496
15.791
16.126
16.344
15.142
12.676
12.095
12.419
13.327
13.511
25.457
21.675
12.858
22.029
13.216
12.952
11.937
10.854
9.962
9.758
9.674
10.025
10.641
11.469
11.867
12.981
14.409
13.585
13.245
11.095
15.382
9.714
9.841
13.398
14.978
15.227
13.881
12.589
10.67
9.08
9.676
10.112
10.596
11.481
12.269
12.375
12.693
13.005
13.391
13.497
14.321
14.614
14.665
13.616
12.57
12.736
13.62
18.229
19.033
18.437
17.371
15.985
14.328
12.581
11.961
12.358
13.607
15.079
14.499
14.261
15.165
16.577
16.241
18.166
15.976
15.328
15.54
14.152
13.209
13.296
13.729
16.441
19.593
21.507
19.892
18.831
17.405
12.627
12.234
11.74
11.937
12.255
12.985
14.345
15.309
16.043
19.512
16.484
16.211
15.253
14.716
18.343
23.701
28.897
21.448
22.491
22.422
21.581
19.294
17.75
17.724
17.668
15.68
15.143
15.122
14.328
15.055
15.559
14.949
14.872
15.213
15.963
18.217
19.434
20.564
20.301
23.438
23.553
25.326
29.868
31.946
32.776
29.366
28.415
24.822
23.65
21.341
20.302
19.168
19.62
19.934
19.171
17.529
17.273
17.343
17.288
17.674
22.104
17.273
17.461
16.045
15.299
15.918
17.778
20.028
21.124
20.012
18.942
17.831
17.194
17.147
17.499
18.077
20.036
21.902
23.436
23.5
24.343
26.817
25.147
23.011
22.658
21.745
20.21
22.508
24.831
27.821
19.163
21.079
21.668
19.425
17.646
16.583
16.109
14.756
14.701
15.054
15.22
15.191
15.341
15.85
17.606
15.381
17.09
17.809
20.121
21.284
19.139
19.057
19.466
20.635
28.114
36.35
18.267
18.305
17.512
18.145
16.064
15.471
15.249
16.511
17.8
19.368
19.791
21.41
21.39
22.259
19.815
24.008
24.694
26.513
23.119
23.909
24.772
25.681
28.361
33.207
33.822
33.99
34.017
29.837
24.092
19.604
18.616
19.795
20.746
20.911
21.082
22.676
24.021
28.074
28.458
29.582
29.752
22.813
26.208
26.925
27.358
26.006
28.035
31.936
32.776
30.575
31.042
28.132
25.463
21.995
20.969
20.808
20.405
19.398
18.257
17.935
19.293
19.241
18.943
17.3
19.735
20.066
18.15
17.324
14.57
13.525
14.98
15.433
14.862
13.024
12.67
11.974
11.078
11.084
9.486
9.791
9.528
9.424
10.031
10.793
11.649
12.235
12.012
12.355
12.597
13.06
12.933
11.689
11.659
13.788
15.717
16.366
15.173
13.139
12.298
12.43
10.808
10.884
11.366
11.234
11.552
11.025
11.862
12.079
12.446
11.506
15.213
14.237
13.583
11.744
9.954
9.526
10.022
11.177
14.394
16.781
15.291
13.615
13.332
9.936
9.81
9.366
9.138
9.704
9.771
9.548
10.137
10.057
10.785
9.752
9.351
8.977
9.159
8.873
8.304
7.81
7.889
8.069
9.252
10.132
9.915
9.791
9.006
11.249
11.085
8.301
8.156
9.11
9.241
9.362
9.906
10.098
10.806
10.852
13.245
12.67
12.706
10.552
10.341
8.913
9.391
10.079
10.783
19.692
21.383
24.839
25.052
10.786
9.946
10.942
11.342
12.228
12.866
13.016
12.481
12.08
12.251
12.604
12.826
13.231
12.702
12.517
12.915
12.815
14.772
21.762
22.019
14.605
14.702
13.153
12.692
13.87
13.141
12.071
11.219
11.997
12.036
12.936
13.907
14.217
15.271
15.576
18.512
20.265
18.379
17.735
17.977
17.292
17.644
18.457
20.76
23.273
24.064
21.733
21.902
22.344
21.908
18.849
17.218
16.679
16.34
16.809
16.607
17.218
17.956
19.157
20.652
18.191
27.089
26.741
15.173
14.673
14.446
14.28
15.293
23.322
22.609
25.705
25.564
13.283
12.705
12.097
11.617
17.457
17.28
17.032
17.37
11.632
12.516
15.86
19.202
15.539
14.425
14.376
20.205
18.291
17.545
11.932
13.687
14.482
13.382
18.583
20.147
14.829
14.98
15.83
14.356
13.276
12.771
11.939
11.961
11.811
12.394
11.409
11.615
17.466
19.011
19.32
19.324
20.479
21.515
23.917
17.037
16.697
14.9
17.221
17.149
17.085
16.359
14.402
12.839
10.607
9.777
9.92
10.295
10.886
11.791
13.106
14.692
14.6
16.717
14.604
14.143
14.021
14.182
14.662
17.001
19.332
19.619
20.29
20.09
19.303
18.942
15.358
13.038
14.6
15.95
15.865
15.909
27.974
19.968
24.925
26.002
21.248
21.203
22.575
18.387
15.442
8.985
4.727
14.956
15.371
14.757
12.764
11.808
10.168
9.514
9.139
8.807
8.823
8.905
8.704
8.789
12.197
16.691
16.789
17.506
15.964
16.45
11.674
9.906
8.87
9.15
10.379
22.377
25.41
24.436
13.996
16.009
19.019
20.077
14.217
13.29
10.666
10.906
11.073
11.416
10.408
11.117
9.54
9.847
10.879
10.12
8.945
8.73
8.383
7.963
9.642
13.05
16.673
17.735
14.954
14.626
12.124
9.868
9.053
8.409
8.67
10.007
10.91
11.907
10.991
12.154
12.092
11.387
10.196
10.254
10.683
10.05
9.199
8.852
8.831
10.072
14.761
11.06
12.582
11.626
10.73
9.098
8.686
9.631
10.942
11.024
9.985
10.085
10.468
14.279
17.339
20.524
17.382
14.288
11.824
11.06
11.861
13.706
12.815
13.342
13.513
12.925
12.344
11.376
10.82
8.901
8.478
7.729
8.097
8.08
9.192
11.605
11.765
14.143
13.216
13.276
12.88
12.166
9.407
13.833
10.758
11.024
11.337
11.556
11.728
11.652
10.518
10.662
10.865
9.583
8.358
7.594
10.258
11.364
11.711
11.524
12.584
7.661
12.907
11.674
10.843
10.432
9.815
7.879
9.436
10.233
11.3
13.723
15.464
10.444
12.091
11.652
12.524
12.418
12.454
12.229
12.827
13.358
12.964
13.053
13.517
14.624
11.885
11.958
10.805
9.358
9.448
10.78
9.215
7.352
9.506
11.962
12.174
13.012
13.655
14.684
8.735
8.276
8.848
9.064
10.008
10.124
10.658
11.147
12.193
16.157
20.329
25.351
25.875
23.718
21.196
18.361
16.01
15.64
16.295
21.101
28.881
22.211
25.5
23.498
20.572
13.185
9.811
8.476
9.93
9.432
10.239
10.734
11.843
13.282
13.378
14.272
12.392
11.367
10.229
9.041
7.947
8.296
9.677
11.878
13.871
14.642
12.038
12.312
12.16
11.585
11.116
11.022
10.932
10.755
10.595
10.845
10.101
10.587
10.602
10.623
11.236
11.276
10.93
10.238
10.144
10.301
10.635
11.98
12.705
13.11
11.559
10.602
10.17
9.699
9.106
9.138
9.012
9.381
11.433
11.841
12.401
13.868
14.036
14
15.288
16.368
16.698
20.608
20.846
20.302
20.409
21.659
22.102
21.142
18.735
16.857
14.305
12.52
12.661
12.571
12.195
12.203
11.606
11.622
11.142
13.282
10.96
12.06
15.775
12.691
9.959
8.218
8.601
8.222
8.794
9.633
10.587
10.252
11.937
11.963
12.429
11.764
12.175
13.221
13.773
14.135
12.868
12.536
11.72
12.471
11.249
13.123
13.649
12.283
12.462
14.454
9.935
9.147
12.305
16.301
18.587
17.639
17.079
16.754
13.916
11.054
9.888
9.757
10.399
10.868
11.544
12.146
11.64
11.922
19.812
21.415
11.667
12.649
12.598
16.003
16.11
17.008
19.489
25.005
30.881
24.869
12.433
13.453
17.388
19.53
16.037
12.749
11.794
11.197
11.189
11.609
12.297
13.534
14.228
12.674
12.034
12.006
12.632
12.342
12.491
13.286
16.591
19.13
19.81
18.184
15.876
15.529
15.196
26.07
16.642
15.821
13.903
12.773
10.778
11.01
9.655
9.563
11.688
11.203
7.822
7.977
8.608
9.762
9.298
8.242
8.537
11.272
12.032
11.655
12.432
11.681
11.557
11.994
11.666
10.953
11.401
11.426
11.064
11.356
11.261
11.926
11.111
10.751
9.283
8.415
8.173
7.961
7.852
8.109
9.416
11.827
12.474
12.378
8.95
9.352
9.25
9.142
7.766
7.522
8.455
8.546
9.337
10.194
10.128
9.919
10.144
10.179
9.994
9.781
9.958
13.378
11.434
10.72
11.477
13.232
13.498
12.885
11.736
15.913
10.532
9.61
8.772
9.026
8.937
9.333
8.694
9.706
11.194
12.51
13.06
13.769
12.21
9.802
8.955
8.44
8.179
10.748
11.585
13.191
15.477
9.893
10.48
10.607
9.332
8.675
11.425
11.175
11.667
11.865
11.497
13.061
14.621
14.847
14.079
14.506
12.436
13.616
14.846
14.973
16.517
16.883
18.827
19.734
22.716
21.747
19.003
17.039
15.168
14.045
13.163
12.876
14.23
15.02
16.763
16.85
17.548
23.101
21.037
19.211
21.535
22.32
21.069
20.877
17.784
16.822
17.241
22.459
25.609
24.406
16.522
16.672
18.849
17.182
14.72
15.214
13.712
13.515
15.157
20.12
20.202
20.192
11.256
10.496
10.261
13.081
12.699
10.294
10.276
11.278
13.215
16.437
14.106
16.344
14.197
14.924
18.308
16.125
14.569
14.62
15.427
16.591
18.58
20.115
20.935
24.049
23.369
22.959
21.693
19.435
18.428
16.697
14.711
14.457
14.686
16.622
19.354
17.586
16.183
15.041
13.821
12.802
12.667
12.35
12.548
13.438
14.308
15.315
14.85
16.373
14.755
15.002
17.791
18.196
16.926
16.335
14.777
14.479
20.703
14.614
15.29
14.853
13.538
13.143
12.821
12.397
10.49
10.014
10.225
10.084
14.872
15.094
15.832
17.098
12.346
12.992
15.75
16.891
16.544
18.351
17.204
18.842
20.243
23.191
25.629
17.248
23.691
24.298
22.954
15.197
11.5
10.504
10.64
10.522
10.811
11.399
11.975
12.739
13.149
15.85
17.99
18.054
15.364
13.299
20.55
20.852
21.319
32.434
18.187
17.474
19.668
18.105
16.383
15.032
14.583
14.838
16.648
19.983
14.569
14.648
14.585
16.048
16.06
11.907
22.427
23.137
22.695
13.958
25.81
28.716
28.996
28.13
29.542
30.094
31.904
32.07
30.597
16.388
28.625
16.444
17.07
17.124
16.987
16.341
16.739
17.803
17.539
16.436
25.034
25.569
23.046
16.135
17.314
18.009
19.173
30.364
42.415
54.293
47.646
52.368
48.358
42.421
32.569
27.046
21.449
20.522
18.615
18.594
18.682
18.289
17.787
17.715
18.487
18.4
17.914
26.881
24.252
23.095
22.634
18.027
19.733
18.326
25.655
19.429
19.378
19.652
18.011
17.599
16.336
14.555
14.121
13.951
13.826
15.678
18.788
18.35
14.906
15.096
15.51
11.373
14.332
14.487
14.456
13.073
14.126
14.239
10.516
10.051
9.699
9.104
8.627
8.725
9.134
9.708
9.77
10.665
10.855
12.034
14.903
15.284
16.901
18.706
21.84
17.613
16.348
15.679
16.063
18.351
18.93
17.985
16.535
16.364
15.778
13.55
9.852
7.519
8.14
8.223
8.816
9.655
10.688
13.63
24.937
24.567
25.346
23.237
23.761
18.906
14.586
14.197
16.104
18.288
18.485
18.606
18.102
16.427
15.625
15.245
11.582
9.49
9.429
9.001
9.262
9.655
11.753
16.28
25.929
29.606
24.074
24.032
16.153
16.127
10.357
9.084
8.893
11.053
17.15
26.609
15.721
15.87
18.714
18.541
15.607
13.728
11.241
10.095
9.552
10.138
10.315
11.447
14.07
16.859
18.482
19.139
17.533
17.46332
17.39364
17.32396
17.25428
17.1846
17.11492
17.04524
16.97556
16.90588
16.8362
16.76652
16.69684
16.62716
16.55748
16.4878
16.41812
16.34844
16.27876
16.20908
16.1394
16.06972
16.00004
15.93036
15.86068
15.791
15.219
16.202
16.858
25.954
14.818
15.993
25.979
22.076
16.724
16.973
19.51
17.12
15.328
14.739
14.077
14.746
13.412
12.54
12.103
12.457
11.681
11.602
11.307
12.219
17.865
21.593
26.857
25.851
25.182
22.715
21.726
21.08
20.337
18.491
27.841
22.12
21.051
19.935
19.025
19.471
19.523
19.488
16.073
15.027
14.927
14.338
14.555
13.701
15.71
16.898
17.806
13.012
14.762
14.713
15.289
15.143
13.318
10.76
11.52
11.684
11.805
11.804
10.788
10.957
10.523
10.654
9.811
9.805
10.286
10.499
10.037
9.935
9.437
9.226
9.426
11.842
13.738
15.502
14.693
14.786
12.527
9.978
9.466
9.382
10.142
10.787
12.452
14.477
17.907
19.134
23.901
17.371
19.968
21.077
20.98
21.02438168
21.06877632
21.11319027
21.15762981
21.20210106
21.24661001
21.29116246
21.33576399
21.38041999
21.42513557
21.4699156
21.51476466
21.55968701
21.60468662
21.6497671
21.69493173
21.74018342
21.78552473
21.83095782
21.87648447
21.92210608
21.96782364
22.01363775
22.05954861
22.10555602
22.15165939
22.19785772
22.24414965
22.29053344
22.33700694
22.3835677
22.43021288
22.47693932
22.52374353
22.57062173
22.61756984
22.66458351
22.71165815
22.75878893
22.80597081
22.85319855
22.90046677
22.94776992
22.99510234
23.04245828
23.0898319
23.13721733
23.18460867
23.232
15.012
14.458
14.306
16.058
17.757
16.894
15.479
26.154
18.558
16.322
13.715
13.527
13.296
15.663
16.141
17.003
18.87
20.586
14.367
15.027
20.084
19.115
17.244
17.035
16.413
16.426
16.996
19.139
21.226
20.154
14.29
14.624
13.415
14.139
14.33
14.428
14.434
14.176
14.894
16.136
15.263
16.264
17.902
15.486
14.98
14.997
14.973
14.296
14.43
14.545
15.071
18.448
22.541
24.159
18.948
15.259
16.356
14.827
11.862
11.553
11.955
13.114
12.581
13.001
14.239
14.617
13.598
13.368
13.814
13.662
13.041
14.834
11.904
12.14
12.873
12.764
12.98
12.047
10.686
14.704
13.436
12.931
12.855
12.987
13.562
14.191
13.981
14.733
9.53
10.143
9.742
9.715
9.411
8.382
7.993
7.743
8.558
9.512
10.101
14.513
16.367
17.545
18.008
16.596
14.734
13.72
13.694
13.48
13.576
14.044
14.404
15.846
16.782
17.411
16.544
9.95
9.788
8.365
7.752
7.152
5.997
6.421
6.401
7.618
8.017
7.548
6.486
6.134
5.867
5.486
5.545
5.557
5.27
11.494
14.881
9.422
7.756
8.314
7.894
7.987
8.038
7.661
7.759
12.034
7.631
7.662
8.675
10.985
12.069
12.177
12.156
11.543
10.408
9.307
9.012
8.599
8.636
9.285
8.71
9.025
9.647
10.387
12.488
12.183
11.723
12.513
11.154
9.901
16.459
20.235
22.29
24.942
23.246
22.686
13.2
12.299
10.867
9.252
10.528
10.574
10.896
11.247
11.556
10.89
10.282
10.785
11.199
11.494
11.754
11.667
11.019
11.056
16.435
16.401
17.817
21.274
29.713
33.313
15.894
13.993
15.235
15.15
14.322
11.053
11.561
11.687
11.913
13.042
14.025
16.188
24.41
27.029
27.948
24.497
18.177
15.732
16.869
18.07
22.397
31.084
33.852
37.606
29.354
29.362
28.784
24.774
22.385
21.895
18.275
16.435
15.239
15.648
23.718
28.21
36.996
38.214
32.881
26.808
22.99
24.519
22.8
21.953
26.01
29.368
29.858
33.266
27.752
25.352
23.471
19.985
19.421
17.703
21.933
22.168
19.881
19.043
16.227
15.76
14.243
13.957
17.156
17.497
18.65
17.649
19.289
20.785
22.129
24.33
25.213
22.47
12.095
11.501
11.669
11.237
10.02
9.71
10.338
10.796
10.305
10.497
10.5
11.056
12.12
12.819
13.712
14.861
20.518
21.69
20.004
20.637
25.084
28.783
33.253
36.1
21.583
21.882
14.794
14.071
13.08
12.764
11.741
11.937
11.735
21.976
13.539
15.141
12.505
12.898
11.749
19.864
19.37
17.692
10.959
10.981
11.006
12.601
13.922
13.436
11.51
10.645
10.677
10.502
10.237
10.549
10.373
9.888
14.397
14.789
9.235
9.798
9.505
9.712
11.483
12.257
14.212
13.474
10.123
10.12
10.714
11.513
12.103
11.994
20.156
18.233
16.982
14.837
15.754
16.709
11.909
12.463
11.185
12.54
11.578
11.647
11.044
11.1
10.977
10.861
10.858
9.847
8.514
8.23
8.815
11.673
13.376
13.77
12.821
13.183
13.819
13.301
10.517
9.954
9.729
8.789
8.723
9.503
10.526
10.836
11.603
13.437
15.057
16.608
15.62
12.868
11.107
10.964
16.783
22.251
33.522
39.446
19.718
20.297
20.832
19.595
15.769
14.186
11.364
10.542
9.982
10.9
12.491
13.299
17.267
19.033
19.384
22.382
17.343
34.459
32.323
31.205
31.436
16.591
17.362
36.626
21.276
23.182
22.297
21.785
18.155
13.477
12.148
11.919
12.823
15.094
16.848
18.581
25.263
30.284
27.868
24.613
21.961
18.717
16.254
19.215
23.875
22.59
36.615
36.862
36.362
35.185
16.061
12.082
12.211
11.645
12.295
12.572
13.142
22.352
20.372
17.659
14.999
14.829
14.46
16.493
19.065
12.617
10.926
4.978
6.57
21.378
25.452
44.532
45.934
41.36
33.084
29.595
21.533
17.964
13.722
11.85
12.311
12.957
13.773
14.172
13.814
13.924
13.414
13.585
14.352
19.384
35.05
38.372
44.146
16.287
18.54
20.154
23.314
22.329
21.051
17.684
14.997
14.342
14.271
13.425
12.66
12.908
12.904
14.083
20.336
25.576
24.921
23.8
21.074
17.544
17.778
18.496
20.399
20.981
23.206
22.846
18.658
41.58
51.435
45.136
19.513
18.907
16.787
15.507
14.818
15.73
16.878
17.604
19.377
18.971
20.031
21.422
19.181
20.604
20.517
20.613
21.391
23.733
34.643
38.485
38.172
22.583
24.22
20.345
20.902
17.995
17.613
15.7
16.311
17.815
17.65
17.373
17.968
18.086
14.623
10.291
5.869
6.267
8.228
8.641
9.828
12.657
13.671
15.269
15.229
14.553
12.233
11.459
9.783
8.785
9.514
10.01
13.424
15.595
15.663
15.171
14.303
12.593
11.307
10.371
9.755
7.566
7.948
7.634
8.194
11.767
13.659
13.033
13.728
15.675
16.881
14.848
14.224
13.368
14.236
15.589
16.704
18.015
15.346
15.189
14.057
14.061
16.175
18.342
17.895
19.864
17.041
16.253
15.182
16.967
17.58
18.008
18.056
18.982
15.171
12.961
11.129
9.628
10.518
10.708
11.606
12.947
14.875
15.641
16.911
16.785
17.54
19.117
19.613
15.873
13.426
14.276
15.609
15.891
14.934
14.627
15.354
16.218
14.436
13.626
13.376
13.259
13.746
13.694
14.035
15.583
17.673
18.33
17.772
14.745
12.279
11.114
11.255
20.244
11.364
16.483
16.915
15.268
20.141
22.385
21.77
21.96
20.02
19.007
18.032
17.214
16.276
15.779
15.411
16.204
16.902
17.273
18.607
19.722
19.664
18.903
18.534
20.027
19.133
19.584
20.012
23.736
25.841
26.507
30.173
31.605
33.458
32.456
27.144
21.878
18.521
15.936
15.481
20.147
22.927
25.234
23.399
18.36
18.153
15.603
12.782
13.863
14.308
19.866
29.482
19.012
21.406
24.27
29.058
32.695
32.446
26.447
22.436
18.69
16.65
15.798
14.792
15.288
15.891
16.325
15.417
14.836
15.856
19.25
17.784
17.297
23.216
24.789
31.68
27.369
39.283
40.255
40.498
23.613
24
22.346
21.55
23.581
23.629
23.391
22.345
22.212
22.652
22.722
21.368
23.233
19.024
18.635
19.502
18.539
16.504
16.322
16.53
52.284
57.598
58.607
26.321
30.092
37.589
42.717
42.52
45.898
39.322
35.488
31.686
31.955
33.672
34.71
36.888
37.242
35.239
34.312
30.221
27.433
21.301
19.517
20.162
53.153
55.639
55.468
30.288
32.537
38.782
40.036
35.958
33.973
29.552
25.163
21.462
22.637
23.15
23.964
24.348
25.815
41.109
29.198
31.282
27.294
31.385
34.771
39.338
45.017
46.692
47.811
48.846
51.322
53.998
52.351
39.08
33.652
28.072
25.877
24.675
25.341
27.143
28.406
28.997
31.243
31.145
32.293
31.479
27.586
25.709
28.565
33.713
32.454
35.837
37.93
39.999
37.707
28.584
23.93
14.563
14.086
11.322
9.553
22.68
20.939
19.915
19.785
20.535
22.701
13.957
26.028
30.246
27.745
12.638
31.25
23.367
18.374
19.926
15.941
16.979
15.547
14.725
12.876
12.8
12.785
14.356
15.165
14.477
16.196
16.583
16.257
14.426
14.125
14.812
14.49
13.918
13.665
13.831
14.511
15.349
21.561
17.757
22.369
22.937
22.296
14.827
15.36
16.008
17.769
19.265
21.989
19.393
19.69
17.959
18.423
15.757
16.359
26.269
22.746
21.276
18.384
20.725
20.823
21.361
16.211
17.513
22.584
17.117
16.649
18.523
19.175
18.202
17.937
17.968
18.477
20.928
26.606
30.909
32.784
32.681
24.357
24.196
25.112
25.696
24.066
19.969
19.632
19.262
22.945
20.423
32.58
22.695
20.927
19.69
17.256
14.595
12.984
13.419
13.318
12.653
12.726
12.978
13.245
11.919
11.578
11.69
11.981
12.854
13.456
15.021
15.795
14.76
13.099
15.983
16.1
16.929
15.324
12.106
11.905
12.197
12.235
12.988
16.977
13.719
14.106
13.817
13.721
13.175
12.415
13.619
13.327
12.854
10.644
12.748
12.748
14.528
17.48
22.467
23.52
22.776
20.478
26.474
17.299
25.746
19.15
13.22
15.073
15.194
17.375
17.602
19.706
21.253
19.074
17.881
12.322
12.577
12.297
13.126
15.169
16.64
18.053
20.463
24.34
24.433
24.073
24.078
22.913
22.568
23.283
17.886
24.995
26.828
25.438
26.257
27.363
27.312
23.917
24.066
22.938
23.006
20.854
20.647
19.458
20.349
22.084
25.87
29.222
28.676
25.527
20.873
11.297
10.276
9.875
9.58
10.191
11.544
12.765
12.381
13.529
13.646
14.929
15.523
18.989
19.74
19.641
18.873
19.485
21.938
21.369
20.543
23.177
22.299
20.861
16.958
16.01
15.974
16.703
16.879
18.281
19.393
17.707
15.999
15.519
14.174
14.324
14.462
13.998
13.992
13.655
13.167
12.872
13.433
13.478
13.41
12.198
9.144
8.853
8.897
9.38
9.248
9.961
10.592
13.569
14.637
16.493
16.268
15.303
15.366
15.267
15.492
14.398
14.609
14.355
14.196
12.61
15.208
14.059
14.396
15.094
14.991
20.497
23.387
23.32
24.463
22.107
21.898
16.646
16.772
16.344
16.765
23.871
28.31
32.927
29.393
27.046
25.441
21.114
21.255
24.443
24.634
27.995
35.766
41.412
40.752
39.102
42.71
33.956
30.664
24.143
21.205
16.949
17.567
20.432
23.636
34.369
35.385
29.808
27.377
32.062
34.305
37.344
39.361
43.374
43.663
47.253
39.516
39.595
39.546
36.215
28.564
23.403
25.881
29.694
30.603
30.084
34.618
34.309
28.897
28.063
28.793
31.576
31.224
31.388
29.635
30.009
30.057
29.638
30.329
31.356
33.178
36.412
39.557
36.896
36.355
32.921
31.216
27.959
26.46
23.388
18.064
15.347
13.845
15.601
15.164
17.029
16.393
15.338
13.657
12.746
12.382
12.424
12.534
13.595
14.678
14.822
13.011
11.755
10.52
11.254
10.776
11.45
11.671
12.157
12.542
11.083
9.606
9.792
8.862
9.476
8.908
9.691
9.691
9.258
9.379
9.377
9.711
11.367
11.743
12.291
10.878
10.872
10.571
9.954
9.581
10.114
10.629
10.788
11.356
12.559
13.809
12.151
11.06
10.944
10.189
9.966
9.679
9.041
8.976
9.417
10.034
12.767
15.385
16.43
15.25
13.144
12.237
13.246
12.987
14.991
17.563
18.531
21.145
17.103
14.825
14.637
14.019
13.821
13.514
14.088
13.946
13.175
11.935
12.179
14.378
16.962
18.897
19.526
19.931
17.719
15.718
14.778
13.606
13.705
13.929
15.551
17.308
17.228
15.83
15.123
13.14
12.585
12.023
12.794
12.64
11.556
10.99
9.308
9.498
11.115
11.479
10.901
10.09
9.613
9.561
9.37
9.173
8.757
9.435
10.154
11.116
10.845
11.055
11.146
10.264
11.064
10.748
10.874
10.88
10.226
9.797
9.454
10.561
12.203
12.63
11.727
10.106
9.595
9.471
8.906
8.648
8.368
9.097
10.675
11.343
11.968
12.349
13.656
13.943
14.756
14.159
15.027
14.08
13.503
12.339
13.121
14.806
17.341
18
15.827
15.686
13.549
12.428
11.036
10.237
9.868
13.249
14.76
17.262
14.787
12.653
12.191
9.895
11.621
11.276
12.697
13.263
12.785
12.234
11.706
10.624
12.144
13.607
15.037
15.994
13.996
13.224
12.052
11.539
11.055
11.51
12.804
17.815
20.728
18.003
15.77
14.375
17.559
16.898
15.04
16.382
15.681
15.761
16.656
17.386
19.322
23.431
28.584
31.078
25.053
24.345
24.691
24.198
23.109
23.368
21.95
24.108
25.075
30.237
24.018
18.456
17.454
16.786
18.517
19.244
20.171
20.279
19.497
19.858
22.246
18.043
18.158
20.341
21.309
21.519
19.547
20.006
21.27
22.651
23.961
27.39
28.669
32.934
28.884
21.567
20.023
19.223
19.305
19.32
19.548
20.658
19.126
21.506
24.108
20.491
21.186
21.598
17.644
17.178
18.096
18.703
20.367
21.044
21.586
20.731
26.783
31.104
33
23.36
20.113
16.112
16.814
17.297
22.202
21.623
23.393
24.166
26.78
31.732
35.372
38.822
35.815
29.373
26.034
25.4
27.439
27.347
25.071
25.356
27.06
29.311
31.217
30.97
28.803
26.688
24.75
23.492
22.796
24.969
22.339
22.093
23.308
23.87
23.829
24.163
23.24
22.192
20.266
19.432
18.672
18.154
18.568
20.567
21.752
20.697
19.12
17.922
15.276
13.934
12.837
11.865
10.616
10.27
11.065
12.216
15.384
19.155
22.374
23.654
22.833
21.608
18.766
16.511
15.687
15.667
16.285
15.826
17.131
17.319
18.485
18.224
17.258
16.776
15.333
15.649
14.433
14.696
20.4
23.777
25.939
18.596
21.494
22.669
26.256
25.954
27.661
27.502
29.048
28.992
29.922
32.089
38.346
41.519
44.419
43.528
41.575
40.509
40.227
36.207
32.826
32.343
35.841
37.236
39.095
40.86
43.825
45.192
44.295
43.878
46.494
44.427
41.503
38.442
33.956
37.677
39.726
40.532
44.139
47.481
45.469
44.942
46.554
47.987
45.25
43.38
40.967
35.241
34.249
35.015
36.612
37.817
34.253
32.553
28.825
27.214
27.385
27.632
27.619
30.028
30.472
29.559
30.889
32.426
32.175
30.881
29.347
28.258
27.991
22.299
18.426
27.318
30.185
33.536
34.665
30.226
24.689
22.733
24.266
25.982
34.83
45.667
42.199
48.272
47.25
42.226
33.156
33.252
35.381
37.954
35.118
37.182
37.214
40.916
38.361
23.894
22.188
17.819
17.198
16.958
17.781
17.887
14.533
12.983
12.484
12.57
12.418
12.708
13.649
14.389
16.377
17.076
20.097
20.467
23.092
25.086
25.597
25.228
25.838
18.536
18.782
19.344
20.474
23.703
22.161
19.47
17.143
17.307
17.451
16.872
16.566
16.036
17.051
17.505
17.859
17.857
17.777
16.553
17.03
16.394
14.777
13.593
14.528
26.473
31.226
41.682
47.861
52.139
40.545
40.544
35.278
33.251
30.364
29.945
29.492
29.562
27.504
27.989
27.461
24.874
26.236
25.855
25.915
24.685
16.043
16.714
23.093
22.259
26.797
34.76
36.131
37.968
34.849
34.292
34.521
31.617
31.906
33.506
33.601
34.237
27.929
26.177
23.649
21.358
20.788
18.339
16.586
14.926
13.025
11.539
10.349
11.39
12.488
14.175
14.257
14.216
12.729
12.126
11.109
10.727
11.122
11.731
12.418
12.364
13.522
13.737
14.538
13.901
13.956
13.381
12.635
11.913
10.81
10.152
11.164
11.855
14.004
15.976
16.63
16.075
14.604
14.039
14.127
13.554
13.584
14.297
13.197
12.079
11.538
11.272
12.392
12.392
13.328
13.429
12.848
12.528
11.789
11.564
11.301
12.068
13.969
15.186
16.832
18.702
15.048
14.381
13.994
13.64
13.674
14.11
14.231
14.122
14.29
14.204
14.843
14.262
17.272
16.977
16.85
16.593
15.564
13.96
11.264
7.041
10.985
14.156
15.099
14.743
14.797
14.233
12.562
10.002
9.976
9.985
10.909
11.243
11.585
11.783
11.14
9.986
9.668
8.419
7.382
7.252
6.492
6.212
6.073
6.224
7.385
8.841
7.674
6.942
7.129
7.279
6.184
6.115
6.01
6.02
8.168
8.466
9.124
9.413
10.185
9.394
9.074
8.165
7.419
7.112
6.723
6.681
6.923
7.732
10.191
10.765
11.695
12.524
9.56
9.015
9.059
8.468
9.034
9.309
9.461
8.95
10.169
10.94
11.816
11.843
11.526
10.928
10.019
9.547
9.078
9.323
9.437
9.507
12.009
12.227
11.18
10.078
11.468
11.65
11.738
11.457
11.772
12.175
13.198
18.068
19.997
20.765
22.242
21.337
18.346
15.951
16.786
14.412
14.634
13.268
12.828
15.088
16.777
18.185
21.035
20.685
18.396
17.587
16.935
16.322
17.219
18.019
17.624
17.334
17.185
16.413
16.886
16.405
17.15
16.773
15.108
13.7
11.621
10.641
9.866
10.841
12.956
13.385
12.935
12.289
11.679
11.001
10.472
10.17
10.304
10.526
10.726
10.759
10.323
10.3
11.163
10.378
10.701
10.174
9.776
9.075
7.999
6.588
8.699
9.594
11.685
12.266
11.579
9.656
9.114
8.493
8.706
8.531
8.947
9.731
8.752
9.025
12.197
12.748
12.005
11.608
11.138
11.148
10.962
11.057
10.395
10.555
9.733
9.763
11.138
13.081
12.702
15.098
15.591
15.391
14.663
13.523
13.074
12.829
11.02
11.087
11.285
11.339
10.707
8.996
9.163
9.263
9.789
10.257
10.28316
10.30932
10.33548
10.36164
10.3878
10.41396
10.44012
10.46628
10.49244
10.5186
10.54476
10.57092
10.59708
10.62324
10.6494
10.67556
10.70172
10.72788
10.75404
10.7802
10.80636
10.83252
10.85868
10.88484
10.911
10.639
10.139
10.918
12.582
12.364
11.497
10.765
12.264
12.029
11.641
10.064
10.803
11.309
13.072
15.334
15.573
15.925
14.571
14.514
17.003
14.506
14.224
13.752
14.462
15.733
15.892
18.084
21.555
20.456
26.19
28.628
33.162
33.022
34.72
36.743
38.164
30.497
25.845
26.554
25.627
25.8
27.387
26.101
26.831
24.981
27.006
25.783
23.555
20.001
17.458
21.598
23.454
23.435
25.611
28.435
24.797
21.922
19.53
17.077
16.794
16.924
17.608
20.724
25.356
26.646
28.897
28.719
26.89
25.078
25.048
24.837
24.199
25.195
25.972
29.521
32.091
27.579
26.974
26.611
24.903
23.462
21.779
18.988
17.586
17.472
18.048
20.037
21.471
22.129
22.633
22.362
23.442
23.077
25.458
25.203
24.025
24.695
24.912
24.823
26.041
27.274
27.205
27.544
30.099
27.783
27.654
26.917
26.631
27.554
27.256
24.425
25.815
27.332
29.138
29.493
29.834
32.056
30.997
30.088
28.415
27.375
24.642
22.866
24.069
26.211
26.998
27.372
28.49
27.583
27.587
27.516
28.047
28.056
27.253
26.387
26.775
27.15
28.772
28.311
27.416
24.388
19.814
16.241
12.86
12.483
13.132
12.348
13.798
15.45
16.717
18.528
17.423
15.955
15.045
15.038
15.3
15.478
15.503
15.921
16.473
16.853
18.314
17.809
17.282
15.716
13.576
11.832
10.206
10.137
9.99
10.357
11.156
11.511
12.288
12.957
11.74
11.287
13.518
12.228
13.532
15.354
17.458
18.059
19.21
19.142
20.346
19.849
20.011
18.431
16.918
15.664
14.285
12.225
11.13
13.148
14.37
15.628
16.379
16.885
16.382
14.43
13.043
12.352
12.321
13.059
13.394
13.996
13.744
13.9
14.664
13.955
14.177
13.464
13.157
13.134
11.703
11.083
9.821
10.017
11.14
12.315
13.795
13.967
12.742
12.522
12.169
11.663
12.273
12.717
12.741
13.23
14.339
14.158
14.565
13.577
12.409
10.497
9.256
8.591
8.454
8.527
9.453
10.306
11.909
12.731
13.082
12.893
11.594
11.001
11.092
10.327
10.739
11.739
12.148
12.288
13.092
13.342
13.88
12.769
12.585
11.827
11.164
10.755
10.196
10.073
8.001
7.518
8.856
8.359
8.453
7.542
8.491
9.759
8.746
8.278
8.101
8.682
7.208
6.806
7.959
8.198
8.95
8.586
9.718
9.329
8.898
8.489
7.191
6.74
7.343
8.108
12.162
11.387
11.445
11.176
12.274
11.958
13.023
12.881
13.626
14.038
14.109
14.154
14.712
14.803
16.618
16.708
17.698
15.506
14.909
14.889
14.501
14.379
12.846
12.521
13.827
15.812
16.774
16.936
13.236
11.688
10.27
9.151
8.209
7.853
7.073
6.829
7.227
7.506
8.45
8.096
8.41
8.089
7.504
7.12
6.637
6.564
7.135
7.931
14.529
16.425
8.859
8.676
11.945
12.164
12.586
10.047
10.661
11.504
13.908
19.01
20.49
20.827
23.345
23.702
25.987
24.106
23.777
23.073
25.203
27.514
26.241
25.361
27.37
24.777
22.611
21.214
21.136
19.76
20.005
20.053
22.036
22.414
21.594
23.973
24.002
24.127
23.184
21.564
24.21
23.846
27.841
28.669
29.669
28.937
27.531
27.62
29.63
31.455
33.68
34.557
36.48
33.471
30.974
29.997
32.962
33.405
38.469
43.462
47.784
45.371
43.928
43.474
41.341
38.279
36.948
35.242
32.08
30.992
30.514
31.224
33.572
36.269
39.159
40.712
39.771
37.119
34.955
35.523
37.527
41.69
47.313
53.88
54.609
52.431
48.162
44.842
38.054
35.858
33.196
31.709
27.722
25.873
25.16
24.65
25.904
28.758
32.343
35.379
38.294
40.426
39.95
39.561
39.958
36.894
38.895
42.545
49.729
46.839
37.356
37.78
42.346
46.234
51.144
48.174
50.815
50.475
47.224
51.226
55.764
52.254
47.361
42.75
43.323
42.801
39.95
38.166
35.687
34.06
33.864
33.671
32.275
31.312
29.527
27.047
27.118
25.58
26.555
26.392
24.508
24.944
23.806
24.886
26.617
18.374
17.534
18.858
18.483
20.998
21.656
23.712
24.05
25.383
26.886
26.788
28.63
26.458
29.022
29.114
31.411
29.819
25.974
20.543
17.056
13.063
11.636
12.502
14.979
16.277
14.527
15.439
16.492
17.588
18.456
18.65
18.964
19.44
16.91
16.455
15.278
15.153
15.872
14.845
16.263
15.271
13.997
15.121