4.715013770072272736e-01
4.290550580323148622e-01
3.866087390574024507e-01
3.404088545903568575e-01
2.740149870211549543e-01
2.103098925732392599e-01
1.928963703926328543e-01
1.754828482120264765e-01
1.580693260314200432e-01
1.406558038508136377e-01
1.283203444477356014e-01
1.179197208438117067e-01
1.075190972398878259e-01
9.711847363596393112e-02
8.671785003204003639e-02
7.631722642811615553e-02
6.591660282419226080e-02
5.551597922026837301e-02
7.123959791023094790e-02
9.568069403726686684e-02
1.201217901643027997e-01
1.595784110928251676e-01
4.532860626780425006e-01
4.168260404033690136e-01
6.120443977616845110e-01
6.776261156516857342e-01
7.130194984342049791e-01
7.484128812167243350e-01
8.039224326208707083e-01
8.498602429353149246e-01
8.652258600888966811e-01
8.805914772424785486e-01
8.959570943960603051e-01
8.885452149379478026e-01
8.676023255226206210e-01
8.466594361072934394e-01
8.257165466919663688e-01
8.061227099591312673e-01
7.895891331428381843e-01
7.730555563265452124e-01
7.565219795102523515e-01
7.399884026939593795e-01
6.875780894748414473e-01
6.541487298092689695e-01
6.363829614848885985e-01
6.186171931605084495e-01
6.008514248361280785e-01
5.681789528474796569e-01
5.347612419100218339e-01
5.224798078180388217e-01
5.152152179309371638e-01
5.079506280438355059e-01
5.041183779725473268e-01
5.163083240702653898e-01
5.284982701679834527e-01
5.406882162657014046e-01
5.528781623634195785e-01
5.650681084611376415e-01
5.811618267374200064e-01
6.066049066935598200e-01
6.320479866496995225e-01
6.539381780186943605e-01
6.685790462012778379e-01
6.832199143838613153e-01
6.978607825664449038e-01
7.125016507490286033e-01
7.324728920372316487e-01
7.776918093378949459e-01
8.075836342170938931e-01
8.300169376567964052e-01
8.524502410964991395e-01
8.748835445362016516e-01
8.953589672597673799e-01
9.157793628145199927e-01
9.082815567752710040e-01
8.917479800669180223e-01
8.752144033585649296e-01
8.586808266502118370e-01
8.384877094594925806e-01
8.132892262765260005e-01
7.880907430935596425e-01
7.628922599105930624e-01
7.345856529885582686e-01
7.056451826618008738e-01
6.767047123350434790e-01
5.766147712402077685e-01
5.204371309097761689e-01
4.738993270033607375e-01
4.414064534824076458e-01
4.239929313231682317e-01
4.144633196884811022e-01
4.241035645453494207e-01
4.337438094022177948e-01
4.433840542590861689e-01
4.530242991159544874e-01
4.626645439728228615e-01
4.244309227890504244e-01
3.707537400582839315e-01
3.355382444833346356e-01
2.592179277959732464e-01
2.365055316306378386e-01
2.221676419610744968e-01
2.079175598494356070e-01
1.996089812279531195e-01
1.913004026064706320e-01
1.829918239849881445e-01
1.765553330898501916e-01
1.731071520267901676e-01
1.669411213128341176e-01
1.499676913092399810e-01
1.329942613056458445e-01
1.160208313020517218e-01
9.904740129845761298e-02
8.207397129486349030e-02
8.609281217922361285e-02
1.185143126457144785e-01
1.509358131122053304e-01
1.833573135786961961e-01
3.327611557990572400e-01
4.232303155870713041e-01
4.972002566508698651e-01
5.909405823217681597e-01
6.990107501315847571e-01
7.611311077757493271e-01
7.999837575506884013e-01
8.146246256425333510e-01
8.292654937343783006e-01
8.439063618262233613e-01
8.585472299180684219e-01
8.645362206357481982e-01
8.533871206315193358e-01
8.422380206272904735e-01
8.310889206230617221e-01
8.199398206188328597e-01
8.019804123608204049e-01
7.649631773319509609e-01
7.369441181213375325e-01
7.106782482457222327e-01
6.819742832228520291e-01
6.521403263387315352e-01
6.277658600207466355e-01
6.081482839794253303e-01
5.885307079381039141e-01
5.811719730966322661e-01
5.803818758446420700e-01
5.795917785926518739e-01
5.788016813406615668e-01
5.780115840886713707e-01
5.772214868366811746e-01
5.764313895846909785e-01
5.756412923327006714e-01
5.748511950807104753e-01
5.793831302354822688e-01
6.098171064048512058e-01
6.402510825742201428e-01
6.510710208735754900e-01
6.606200537325253030e-01
6.701690865914751161e-01
6.797181194504249291e-01
6.892671523093749641e-01
7.034754991258285184e-01
7.188411163038279650e-01
7.342067334818275226e-01
7.495723506598269692e-01
7.744413955233042657e-01
8.147629943724412627e-01
8.408268720698370835e-01
8.650172732435009726e-01
8.892076744171648617e-01
8.753305774175399456e-01
8.581685658278588313e-01
8.410065542381776060e-01
8.238445426484964917e-01
8.066825310588153775e-01
7.870081931108566797e-01
7.669490864237652472e-01
7.468899797366735926e-01
7.268308730495820491e-01
6.960829447919714141e-01
6.563556546562434590e-01
6.166283645205156150e-01
5.806645028628411032e-01
5.463483932492591011e-01
5.120322836356770990e-01
4.896651131490585285e-01
4.696060064727845540e-01
4.495468997965105240e-01
4.294877931202364940e-01
4.276504406230788868e-01
4.430160578524734438e-01
4.583816750818680563e-01
4.737472923112626133e-01
4.891129095406571703e-01
4.779144579006353588e-01
4.189629985318237271e-01
3.636273148194431593e-01
3.193633018882162666e-01
2.779297654185373112e-01
2.580472998684092967e-01
2.381648343182812821e-01
2.182823687681532954e-01
2.021850488707961635e-01
1.896869393763213618e-01
1.771888298818465324e-01
1.646907203873717029e-01
1.521926108928968735e-01
1.396945013984220163e-01
1.271963919039471869e-01
1.232146532712324605e-01
1.419537038008268914e-01
1.606927543304213224e-01
1.794318048600157534e-01
1.981708553896102121e-01
3.306358516669973269e-01
4.594591068629832464e-01
5.474101108642546176e-01
7.451215011198593086e-01
7.993839492442063044e-01
8.238250454079780738e-01
8.482661415717498432e-01
8.727072377355215016e-01
8.952597149103542762e-01
9.148398844042203715e-01
9.344200538980864668e-01
9.540002233919524510e-01
9.735803928858185463e-01
9.793658380174459221e-01
9.845243785130844971e-01
9.896829190087229611e-01
9.948414595043614250e-01
1.000000000000000000e+00
9.440302458324490997e-01
8.757653466686053934e-01
8.250943508413426386e-01
7.808303388511189658e-01
7.124022372168653527e-01
6.406435366087692707e-01
6.143776669770760757e-01
5.881117973453829917e-01
5.618459277136897967e-01
5.355800580819967127e-01
5.390578004641781718e-01
5.454993991677318244e-01
5.519409978712853659e-01
5.484580460178458683e-01
5.447625957481785353e-01
5.410671454785112022e-01
5.373716952088438692e-01
5.336762449391765362e-01
5.546122592753865987e-01
5.788026604490507099e-01
6.029930616227149320e-01
6.237150614638642399e-01
6.441354571240932581e-01
6.645558527843222762e-01
6.849762484445519606e-01
7.058857344615189211e-01
7.273132246645696020e-01
7.487407148676202828e-01
7.701682050706710747e-01
8.316093203635817055e-01
8.452828262112300761e-01
8.589563320588782247e-01
8.726298379065263733e-01
8.863033437541745219e-01
8.846437679191132553e-01
8.730785474641772348e-01
8.615133270092414364e-01
8.499481065543055269e-01
8.383828860993696175e-01
8.268176656444335970e-01
8.146151923773221615e-01
7.957917661805675724e-01
7.769683399838129834e-01
7.581449137870583943e-01
7.213188934661103335e-01
6.649413097976352161e-01
6.059898508765024783e-01
5.451888063935396156e-01
4.945862824118636980e-01
4.757628563577911418e-01
4.569394303037184746e-01
4.381160042496458629e-01
4.399776327983571100e-01
4.528037292372298350e-01
4.656298256761026710e-01
4.784559221149753960e-01
4.912820185538482320e-01
5.041081149927209015e-01
4.414459860124500534e-01
3.561510991057190711e-01
3.769184122653183033e-01
2.897098512892468669e-01
2.460988065466813146e-01
2.379394520836879690e-01
2.297800976206945955e-01
2.216207431577012221e-01
2.134613886947078765e-01
2.003619772735807103e-01
1.816897296104988957e-01
1.630174819474170533e-01
1.443452342843352665e-01
1.256729866212534519e-01
1.191958430842062489e-01
1.294742793883912890e-01
1.397527156925763014e-01
1.500311519967613416e-01
1.603095883009463818e-01
1.705880246051313942e-01
1.808664609093164344e-01
3.572913639299203359e-01
4.468779847922476067e-01
5.255067000155284607e-01
5.947587520445970499e-01
6.725013316042341982e-01
7.433111136481931336e-01
8.006400390168643133e-01
8.455309729604125746e-01
8.909025690841378964e-01
9.409881957203864999e-01
9.845919512932530537e-01
9.669582932229885408e-01
9.493246351527242499e-01
9.316909770824599590e-01
9.140573190121955571e-01
8.964236609419312662e-01
8.747161149817709314e-01
8.444350478616849953e-01
8.141539807415989483e-01
7.814085913023648411e-01
7.457430319651037198e-01
7.100774726278424875e-01
6.603788287213717689e-01
6.106968562621949426e-01
5.992481712157943230e-01
5.877994861693935924e-01
5.763508011229928618e-01
5.714631957821426633e-01
5.714688087180291864e-01
5.714744216539157096e-01
5.714800345898021217e-01
5.714856475256886448e-01
5.714912604615751679e-01
5.714968733974616910e-01
5.785324501322088864e-01
6.039755304130218772e-01
6.296787583586133108e-01
6.601127339823991136e-01
6.905467096061848054e-01
7.044365096647242641e-01
7.147149459632305968e-01
7.249933822617370405e-01
7.352718185602433731e-01
7.455502548587497058e-01
7.558286911572560385e-01
8.006991084043743045e-01
8.475436488779458655e-01
8.804604595185380189e-01
9.071542319479624084e-01
9.338480043773870198e-01
9.303929386138054536e-01
9.153969684434279941e-01
9.004009982730505346e-01
8.854050281026729641e-01
8.704090579322956156e-01
8.554130877619180451e-01
8.308251997213299544e-01
8.056267166685844305e-01
7.804282336158390176e-01
7.537392237526283623e-01
7.242627788701515579e-01
6.947863339876747535e-01
6.653098891051978381e-01
6.217103309026880131e-01
5.737988543307560585e-01
4.704245048557964548e-01
4.457989986174071828e-01
4.248561094324431742e-01
4.318443145224780122e-01
4.455178203065704445e-01
4.591913260906629324e-01
4.728648318747554202e-01
4.865383376588479081e-01
5.002118434429403404e-01
4.953646235302320844e-01
4.081560618829621068e-01
3.479709692786491226e-01
3.074793208532115574e-01
2.874202141769374164e-01
2.673611075006632753e-01
2.473020008243890788e-01
2.265065397256817992e-01
1.948826706048241986e-01
1.632588014839665980e-01
1.505650598982252175e-01
1.395823478751068991e-01
1.285996358519885530e-01
1.176169238288702207e-01
1.066342118057519023e-01
9.565149978263357000e-02
9.971656192513794759e-02
1.268267912429664468e-01
1.539370205607949182e-01
1.810472498786233897e-01
2.081574791964519167e-01
2.794022616122817104e-01
3.533722040061638703e-01
4.408489048424092949e-01
5.401608673585798215e-01
7.645726387176895456e-01
7.999660208835335240e-01
8.353594030493772804e-01
8.713406941960855079e-01
9.092020724984984925e-01
9.218955992191313342e-01
9.259119102688435632e-01
9.299282213185556811e-01
9.339445323682679101e-01
9.379608434179800280e-01
9.419771544676922570e-01
9.424160486586026231e-01
9.241216241352935290e-01
9.058271996119843239e-01
8.875327750886753408e-01
8.692383505653662468e-01
8.240206925409295780e-01
7.756514012216654264e-01
7.304770302622939360e-01
6.587231398436388385e-01
6.465749904999382736e-01
6.344268411562378196e-01
6.222786918125372546e-01
6.101305424688368007e-01
6.160502628989128482e-01
6.226084010875105879e-01
6.291665392761082165e-01
6.357246774647057341e-01
6.422828156533034738e-01
6.488409538419009914e-01
6.553990920304987311e-01
6.619572302190963597e-01
6.738697700695818193e-01
6.863324145369441576e-01
6.987950590043064958e-01
7.112577034716688340e-01
7.237203479390311722e-01
7.399254487626436561e-01
7.573168482381930078e-01
7.747082477137424705e-01
7.925531875265666715e-01
8.163255868775570745e-01
8.400979862285475885e-01
8.631598918053767777e-01
8.860956210826969048e-01
9.090313503600168099e-01
9.327102507325629732e-01
9.564826500835528211e-01
9.510472997398017325e-01
9.309881939805710882e-01
9.109290882213403329e-01
8.908699824621096885e-01
8.746323891350424873e-01
8.657266369329018607e-01
8.568208847307613452e-01
8.479151325286204965e-01
8.390093803264798700e-01
8.154547506245386490e-01
7.509277328135381957e-01
7.147161223361249149e-01
6.830922543720616691e-01
6.463282332892054116e-01
6.075052903574400531e-01
5.239069227088505309e-01
4.493502310742985562e-01
4.570728283496987010e-01
4.647954256250987903e-01
4.725180229004989352e-01
4.802406201758990800e-01
4.879632174512991694e-01
4.956858147266993142e-01
5.034084120020994035e-01
4.025089726415858604e-01
3.654917367057765043e-01
3.284745007529570882e-01
2.914572647952871076e-01
2.422039923301308739e-01
1.934784593923476181e-01
1.698784378397663886e-01
1.462784162871852145e-01
1.310002941659997588e-01
1.310059071569806555e-01
1.310115201479615521e-01
1.310171331389424487e-01
1.310227461299233453e-01
1.258953667852658331e-01
1.049524777941558407e-01
8.400958880304587595e-02
8.267790051695601827e-02
1.155954990290974788e-01
1.485130975412389531e-01
1.875625061383108805e-01
2.364343050941246915e-01
2.853061040499385026e-01
3.444418866902336229e-01
4.207599075565716107e-01
5.284969738311469101e-01
5.539400542881693923e-01
5.793831347451917635e-01
6.033761381203895935e-01
6.122614965186032876e-01
6.211468549168169817e-01
6.300322133150301207e-01
6.389175717132437038e-01
6.478029301114573979e-01
6.566882885096709810e-01
6.655736469078846751e-01
6.740327326010440157e-01
6.574991552821939367e-01
6.409655779633437467e-01
6.244320006444936677e-01
6.078984233256436998e-01
5.994492393502491856e-01
5.947414393699959057e-01
5.900336393897425147e-01
5.853258394094890127e-01
5.806180394292357327e-01
5.759102394489823418e-01
5.712024394687288398e-01
5.664946394884755598e-01
5.744706689308083369e-01
5.883861266432367509e-01
6.023015843556651649e-01
6.162170420680936900e-01
6.301324997805219930e-01
6.353226506101949944e-01
6.327393129650747960e-01
6.301559753199545977e-01
6.275726376748342883e-01
6.249893000297140899e-01
6.224059623845937805e-01
6.198226247394735822e-01
6.175907317634760085e-01
6.164467318876285518e-01
6.153027320117809840e-01
6.141587321359334162e-01
6.130147322600860704e-01
6.118707323842385026e-01
6.107267325083909348e-01
6.118494976218702419e-01
6.140288107907361237e-01
6.162081239596018944e-01
6.183874371284676652e-01
6.205667502973334360e-01
6.227460634661992067e-01
6.249253766350649775e-01
6.271046898039307482e-01
6.292840029727965190e-01
6.314633161416622897e-01
6.336426293105280605e-01
6.358219424793938312e-01
6.380012556482596020e-01
6.401805688171254838e-01
6.181777625439491830e-01
5.901298000193888615e-01
5.708053327091643370e-01
5.562042751530763551e-01
5.416032175969884843e-01
5.275486042184076574e-01
5.292755495261669552e-01
5.310024948339262529e-01
5.327294401416855507e-01
5.344563854494448485e-01
5.361833307572041463e-01
5.379102760649634440e-01
5.316485455114724479e-01
5.159939576143944828e-01
5.003393697173165178e-01
4.846847818202384972e-01
4.706374347987710705e-01
3.695089473882818831e-01
3.090030822193238769e-01
2.212887959115577008e-01
1.651111475123521466e-01
1.432723819368017792e-01
1.236548057044329768e-01
1.046832304042701056e-01
9.660676655999880791e-02
8.853030271572749632e-02
8.045383887145619861e-02
7.237737502718488702e-02
6.430091118291357544e-02
5.622444733864227773e-02
6.170945246404101192e-02
7.960649062982394497e-02
9.750352879560686414e-02
1.154005669613897972e-01
1.365033902408471223e-01
1.882045005548163563e-01
2.399056108687855626e-01
3.022715160454234051e-01
3.682597101586078669e-01
4.375117549534652261e-01
4.593309472947089134e-01
4.683324890775106830e-01
4.773340308603125082e-01
4.863355726431142778e-01
4.953371144259161585e-01
5.043386562087179836e-01
5.050895361075500301e-01
5.050951490753441409e-01
5.051007620431382517e-01
5.051063750109323625e-01
5.051119879787263622e-01
5.051176009465204730e-01
5.051232139143145838e-01
5.051288268821086946e-01
5.051344398558981208e-01
5.051400528608321894e-01
5.051456658657662580e-01
5.051512788707004376e-01
5.051568918756345061e-01
5.051625048805685747e-01
5.051681178855026433e-01
5.051737308904367119e-01
5.051793438953707804e-01
5.051849569003049600e-01
5.034403132149731785e-01
5.008569755698529802e-01
4.982736379247326708e-01
4.956903002796124169e-01
4.931069626344921630e-01
4.905236249893719092e-01
4.879402873442515443e-01
4.883869248144742103e-01
4.935454652423259536e-01
4.987040056701776969e-01
5.038625460980294957e-01
5.090210865258811834e-01
5.141796269537329822e-01
5.161177993153623911e-01
5.152613571661743830e-01
5.144049150169862639e-01
5.135484728677981447e-01
5.126920307186101367e-01
5.118355885694220175e-01
5.109791464202340094e-01
5.101227042710458903e-01
5.092662621218577712e-01
5.121973650571804981e-01
5.161697118907798698e-01
5.201420587243793525e-01
5.241144055579787242e-01
5.280867523915782069e-01
5.320590992251776896e-01
5.360314460587770613e-01
5.400037928923765440e-01
5.439761397259760267e-01
5.419606033320345517e-01
5.241948346137573767e-01
5.064290658954802016e-01
4.886632971772029710e-01
4.792949012319391855e-01
4.741142346805133911e-01
4.689335681290874858e-01
4.637529015776616359e-01
4.585722350262357305e-01
4.533915684748098807e-01
4.482109019233839753e-01
4.430302353719581809e-01
4.378495688205322756e-01
