4.383749719999999739e-01
6.883749719999999739e-01
9.383749719999999739e-01
1.188374972000000085e+00
1.438374972000000085e+00
1.688374972000000085e+00
1.938374972000000085e+00
2.188374972000000085e+00
2.438374972000000085e+00
2.688374972000000085e+00
2.938374972000000085e+00
3.188374972000000085e+00
3.438374972000000085e+00
3.688374972000000085e+00
3.938374972000000085e+00
4.188374972000000085e+00
4.438374972000000085e+00
4.688374972000000085e+00
4.938374972000000085e+00
5.188374972000000085e+00
5.438374972000000085e+00
5.688374972000000085e+00
5.938374972000000085e+00
6.188374972000000085e+00
6.438374972000000085e+00
6.688374972000000085e+00
6.938374972000000085e+00
7.188374972000000085e+00
7.438374972000000085e+00
7.688374972000000085e+00
7.938374972000000085e+00
8.188374972000000085e+00
8.438374972000000085e+00
8.688374972000000085e+00
8.938374972000000085e+00
9.188374972000000085e+00
9.438374972000000085e+00
9.688374972000000085e+00
9.938374972000000085e+00
1.018837497200000008e+01
1.043837497200000008e+01
1.068837497200000008e+01
1.093837497200000008e+01
1.118837497200000008e+01
1.143837497200000008e+01
1.168837497200000008e+01
1.193837497200000008e+01
1.218837497200000008e+01
1.243837497200000008e+01
1.268837497200000008e+01
1.293837497200000008e+01
1.318837497200000008e+01
1.343837497200000008e+01
1.368837497200000008e+01
1.393837497200000008e+01
1.418837497200000008e+01
1.443837497200000008e+01
1.468837497200000008e+01
1.493837497200000008e+01
1.518837497200000008e+01
1.543837497200000008e+01
1.568837497200000008e+01
1.593837497200000008e+01
1.618837497199999831e+01
1.643837497199999831e+01
1.668837497199999831e+01
1.693837497199999831e+01
1.718837497199999831e+01
1.743837497199999831e+01
1.768837497199999831e+01
1.793837497199999831e+01
1.818837497199999831e+01
1.843837497199999831e+01
1.868837497199999831e+01
1.893837497199999831e+01
1.918837497199999831e+01
1.943837497199999831e+01
1.968837497199999831e+01
1.993837497199999831e+01
2.018837497199999831e+01
2.043837497199999831e+01
2.068837497199999831e+01
2.093837497199999831e+01
2.118837497199999831e+01
2.143837497199999831e+01
2.168837497199999831e+01
2.193837497199999831e+01
2.218837497199999831e+01
2.243837497199999831e+01
2.268837497199999831e+01
2.293837497199999831e+01
2.318837497199999831e+01
2.343837497199999831e+01
2.368837497199999831e+01
2.393837497199999831e+01
2.418837497199999831e+01
2.443837497199999831e+01
2.468837497199999831e+01
2.493837497199999831e+01
2.518837497199999831e+01
2.543837497199999831e+01
2.568837497199999831e+01
2.593837497199999831e+01
2.618837497199999831e+01
2.643837497199999831e+01
2.668837497199999831e+01
2.693837497199999831e+01
2.718837497199999831e+01
2.743837497199999831e+01
2.768837497199999831e+01
2.793837497199999831e+01
2.818837497199999831e+01
2.843837497199999831e+01
2.868837497199999831e+01
2.893837497199999831e+01
2.918837497199999831e+01
2.943837497199999831e+01
2.968837497199999831e+01
2.993837497199999831e+01
3.018837497199999831e+01
3.043837497199999831e+01
3.068837497199999831e+01
3.093837497199999831e+01
3.118837497199999831e+01
3.143837497199999831e+01
3.168837497199999831e+01
3.193837497199999831e+01
3.218837497199999831e+01
3.243837497199999831e+01
3.268837497199999831e+01
3.293837497199999831e+01
3.318837497199999831e+01
3.343837497199999831e+01
3.368837497199999831e+01
3.393837497199999831e+01
3.418837497199999831e+01
3.443837497199999831e+01
3.468837497199999831e+01
3.493837497199999831e+01
3.518837497199999831e+01
3.543837497199999831e+01
3.568837497199999831e+01
3.593837497199999831e+01
3.618837497199999831e+01
3.643837497199999831e+01
3.668837497199999831e+01
3.693837497199999831e+01
3.718837497199999831e+01
3.743837497199999831e+01
3.768837497199999831e+01
3.793837497199999831e+01
3.818837497199999831e+01
3.843837497199999831e+01
3.868837497199999831e+01
3.893837497199999831e+01
3.918837497199999831e+01
3.943837497199999831e+01
3.968837497199999831e+01
3.993837497199999831e+01
4.018837497199999831e+01
4.043837497199999831e+01
4.068837497199999831e+01
4.093837497199999831e+01
4.118837497199999831e+01
4.143837497199999831e+01
4.168837497199999831e+01
4.193837497199999831e+01
4.218837497199999831e+01
4.243837497199999831e+01
4.268837497199999831e+01
4.293837497199999831e+01
4.318837497199999831e+01
4.343837497199999831e+01
4.368837497199999831e+01
4.393837497199999831e+01
4.418837497199999831e+01
4.443837497199999831e+01
4.468837497199999831e+01
4.493837497199999831e+01
4.518837497199999831e+01
4.543837497199999831e+01
4.568837497199999831e+01
4.593837497199999831e+01
4.618837497199999831e+01
4.643837497199999831e+01
4.668837497199999831e+01
4.693837497199999831e+01
4.718837497199999831e+01
4.743837497199999831e+01
4.768837497199999831e+01
4.793837497199999831e+01
4.818837497199999831e+01
4.843837497199999831e+01
4.868837497199999831e+01
4.893837497199999831e+01
4.918837497199999831e+01
4.943837497199999831e+01
4.968837497199999831e+01
4.993837497199999831e+01
5.018837497199999831e+01
5.043837497199999831e+01
5.068837497199999831e+01
5.093837497199999831e+01
5.118837497199999831e+01
5.143837497199999831e+01
5.168837497199999831e+01
5.193837497199999831e+01
5.218837497199999831e+01
5.243837497199999831e+01
5.268837497199999831e+01
5.293837497199999831e+01
5.318837497199999831e+01
5.343837497199999831e+01
5.368837497199999831e+01
5.393837497199999831e+01
5.418837497199999831e+01
5.443837497199999831e+01
5.468837497199999831e+01
5.493837497199999831e+01
5.518837497199999831e+01
5.543837497199999831e+01
5.568837497199999831e+01
5.593837497199999831e+01
5.618837497199999831e+01
5.643837497199999831e+01
5.668837497199999831e+01
5.693837497199999831e+01
5.718837497199999831e+01
5.743837497199999831e+01
5.768837497199999831e+01
5.793837497199999831e+01
5.818837497199999831e+01
5.843837497199999831e+01
5.868837497199999831e+01
5.893837497199999831e+01
5.918837497199999831e+01
5.943837497199999831e+01
5.968837497199999831e+01
5.993837497199999831e+01
6.018837497199999831e+01
6.043837497199999831e+01
6.068837497199999831e+01
6.093837497199999831e+01
6.118837497199999831e+01
6.143837497199999831e+01
6.168837497199999831e+01
6.193837497199999831e+01
6.218837497199999831e+01
6.243837497199999831e+01
6.268837497199999831e+01
6.293837497199999831e+01
6.318837497199999831e+01
6.343837497199999831e+01
6.368837497199999831e+01
6.393837497199999831e+01
6.418837497200000541e+01
6.443837497200000541e+01
6.468837497200000541e+01
6.493837497200000541e+01
6.518837497200000541e+01
6.543837497200000541e+01
6.568837497200000541e+01
6.593837497200000541e+01
6.618837497200000541e+01
6.643837497200000541e+01
6.668837497200000541e+01
6.693837497200000541e+01
6.718837497200000541e+01
6.743837497200000541e+01
6.768837497200000541e+01
6.793837497200000541e+01
6.818837497200000541e+01
6.843837497200000541e+01
6.868837497200000541e+01
6.893837497200000541e+01
6.918837497200000541e+01
6.943837497200000541e+01
6.968837497200000541e+01
6.993837497200000541e+01
7.018837497200000541e+01
7.043837497200000541e+01
7.068837497200000541e+01
7.093837497200000541e+01
7.118837497200000541e+01
7.143837497200000541e+01
7.168837497200000541e+01
7.193837497200000541e+01
7.218837497200000541e+01
7.243837497200000541e+01
7.268837497200000541e+01
7.293837497200000541e+01
7.318837497200000541e+01
7.343837497200000541e+01
7.368837497200000541e+01
7.393837497200000541e+01
7.418837497200000541e+01
7.443837497200000541e+01
7.468837497200000541e+01
7.493837497200000541e+01
7.518837497200000541e+01
7.543837497200000541e+01
7.568837497200000541e+01
7.593837497200000541e+01
7.618837497200000541e+01
7.643837497200000541e+01
7.668837497200000541e+01
7.693837497200000541e+01
7.718837497200000541e+01
7.743837497200000541e+01
7.768837497200000541e+01
7.793837497200000541e+01
7.818837497200000541e+01
7.843837497200000541e+01
7.868837497200000541e+01
7.893837497200000541e+01
7.918837497200000541e+01
7.943837497200000541e+01
7.968837497200000541e+01
7.993837497200000541e+01
8.018837497200000541e+01
8.043837497200000541e+01
8.068837497200000541e+01
8.093837497200000541e+01
8.118837497200000541e+01
8.143837497200000541e+01
8.168837497200000541e+01
8.193837497200000541e+01
8.218837497200000541e+01
8.243837497200000541e+01
8.268837497200000541e+01
8.293837497200000541e+01
8.318837497200000541e+01
8.343837497200000541e+01
8.368837497200000541e+01
8.393837497200000541e+01
8.418837497200000541e+01
8.443837497200000541e+01
8.468837497200000541e+01
8.493837497200000541e+01
8.518837497200000541e+01
8.543837497200000541e+01
8.568837497200000541e+01
8.593837497200000541e+01
8.618837497200000541e+01
8.643837497200000541e+01
8.668837497200000541e+01
8.693837497200000541e+01
8.718837497200000541e+01
8.743837497200000541e+01
8.768837497200000541e+01
8.793837497200000541e+01
8.818837497200000541e+01
8.843837497200000541e+01
8.868837497200000541e+01
8.893837497200000541e+01
8.918837497200000541e+01
8.943837497200000541e+01
8.968837497200000541e+01
8.993837497200000541e+01
9.018837497200000541e+01
9.043837497200000541e+01
9.068837497200000541e+01
9.093837497200000541e+01
9.118837497200000541e+01
9.143837497200000541e+01
9.168837497200000541e+01
9.193837497200000541e+01
9.218837497200000541e+01
9.243837497200000541e+01
9.268837497200000541e+01
9.293837497200000541e+01
9.318837497200000541e+01
9.343837497200000541e+01
9.368837497200000541e+01
9.393837497200000541e+01
9.418837497200000541e+01
9.443837497200000541e+01
9.468837497200000541e+01
9.493837497200000541e+01
9.518837497200000541e+01
9.543837497200000541e+01
9.568837497200000541e+01
9.593837497200000541e+01
9.618837497200000541e+01
9.643837497200000541e+01
9.668837497200000541e+01
9.693837497200000541e+01
9.718837497200000541e+01
9.743837497200000541e+01
9.768837497200000541e+01
9.793837497200000541e+01
9.818837497200000541e+01
9.843837497200000541e+01
9.868837497200000541e+01
9.893837497200000541e+01
9.918837497200000541e+01
9.943837497200000541e+01
9.968837497200000541e+01
9.993837497200000541e+01
1.001883749720000054e+02
1.004383749720000054e+02
1.006883749720000054e+02
1.009383749720000054e+02
1.011883749720000054e+02
1.014383749720000054e+02
1.016883749720000054e+02
1.019383749720000054e+02
1.021883749720000054e+02
1.024383749720000054e+02
1.026883749720000054e+02
1.029383749720000054e+02
1.031883749720000054e+02
1.034383749720000054e+02
1.036883749720000054e+02
1.039383749720000054e+02
1.041883749720000054e+02
1.044383749720000054e+02
1.046883749720000054e+02
1.049383749720000054e+02
1.051883749720000054e+02
1.054383749720000054e+02
1.056883749720000054e+02
1.059383749720000054e+02
1.061883749720000054e+02
1.064383749720000054e+02
1.066883749720000054e+02
1.069383749720000054e+02
1.071883749720000054e+02
1.074383749720000054e+02
1.076883749720000054e+02
1.079383749720000054e+02
1.081883749720000054e+02
1.084383749720000054e+02
1.086883749720000054e+02
1.089383749720000054e+02
1.091883749720000054e+02
1.094383749720000054e+02
1.096883749720000054e+02
1.099383749720000054e+02
1.101883749720000054e+02
1.104383749720000054e+02
1.106883749720000054e+02
1.109383749720000054e+02
1.111883749720000054e+02
1.114383749720000054e+02
1.116883749720000054e+02
1.119383749720000054e+02
1.121883749720000054e+02
1.124383749720000054e+02
1.126883749720000054e+02
1.129383749720000054e+02
1.131883749720000054e+02
1.134383749720000054e+02
1.136883749720000054e+02
1.139383749720000054e+02
1.141883749720000054e+02
1.144383749720000054e+02
1.146883749720000054e+02
1.149383749720000054e+02
1.151883749720000054e+02
1.154383749720000054e+02
1.156883749720000054e+02
1.159383749720000054e+02
1.161883749720000054e+02
1.164383749720000054e+02
1.166883749720000054e+02
1.169383749720000054e+02
1.171883749720000054e+02
1.174383749720000054e+02
1.176883749720000054e+02
1.179383749720000054e+02
1.181883749720000054e+02
1.184383749720000054e+02
1.186883749720000054e+02
1.189383749720000054e+02
1.191883749720000054e+02
1.194383749720000054e+02
1.196883749720000054e+02
1.199383749720000054e+02
1.201883749720000054e+02
1.204383749720000054e+02
1.206883749720000054e+02
1.209383749720000054e+02
1.211883749720000054e+02
1.214383749720000054e+02
1.216883749720000054e+02
1.219383749720000054e+02
1.221883749720000054e+02
1.224383749720000054e+02
1.226883749720000054e+02
1.229383749720000054e+02
1.231883749720000054e+02
1.234383749720000054e+02
1.236883749720000054e+02
1.239383749720000054e+02
1.241883749720000054e+02
1.244383749720000054e+02
1.246883749720000054e+02
1.249383749720000054e+02
1.251883749720000054e+02
1.254383749720000054e+02
1.256883749720000054e+02
1.259383749720000054e+02
1.261883749720000054e+02
1.264383749720000054e+02
1.266883749720000054e+02
1.269383749720000054e+02
1.271883749720000054e+02
1.274383749720000054e+02
1.276883749720000054e+02
1.279383749720000054e+02
1.281883749719999912e+02
1.284383749719999912e+02
1.286883749719999912e+02
1.289383749719999912e+02
1.291883749719999912e+02
1.294383749719999912e+02
1.296883749719999912e+02
1.299383749719999912e+02
1.301883749719999912e+02
1.304383749719999912e+02
1.306883749719999912e+02
1.309383749719999912e+02
1.311883749719999912e+02
1.314383749719999912e+02
1.316883749719999912e+02
1.319383749719999912e+02
1.321883749719999912e+02
1.324383749719999912e+02
1.326883749719999912e+02
1.329383749719999912e+02
1.331883749719999912e+02
1.334383749719999912e+02
1.336883749719999912e+02
1.339383749719999912e+02
1.341883749719999912e+02
1.344383749719999912e+02
1.346883749719999912e+02
1.349383749719999912e+02
1.351883749719999912e+02
1.354383749719999912e+02
1.356883749719999912e+02
1.359383749719999912e+02
1.361883749719999912e+02
1.364383749719999912e+02
1.366883749719999912e+02
1.369383749719999912e+02
1.371883749719999912e+02
1.374383749719999912e+02
1.376883749719999912e+02
1.379383749719999912e+02
1.381883749719999912e+02
1.384383749719999912e+02
1.386883749719999912e+02
1.389383749719999912e+02
1.391883749719999912e+02
1.394383749719999912e+02
1.396883749719999912e+02
1.399383749719999912e+02
1.401883749719999912e+02
1.404383749719999912e+02
1.406883749719999912e+02
1.409383749719999912e+02
1.411883749719999912e+02
1.414383749719999912e+02
1.416883749719999912e+02
1.419383749719999912e+02
1.421883749719999912e+02
1.424383749719999912e+02
1.426883749719999912e+02
1.429383749719999912e+02
1.431883749719999912e+02
1.434383749719999912e+02
1.436883749719999912e+02
1.439383749719999912e+02
1.441883749719999912e+02
1.444383749719999912e+02
1.446883749719999912e+02
1.449383749719999912e+02
1.451883749719999912e+02
1.454383749719999912e+02
1.456883749719999912e+02
1.459383749719999912e+02
1.461883749719999912e+02
1.464383749719999912e+02
1.466883749719999912e+02
1.469383749719999912e+02
1.471883749719999912e+02
1.474383749719999912e+02
1.476883749719999912e+02
1.479383749719999912e+02
1.481883749719999912e+02
1.484383749719999912e+02
1.486883749719999912e+02
1.489383749719999912e+02
1.491883749719999912e+02
1.494383749719999912e+02
1.496883749719999912e+02
1.499383749719999912e+02
1.501883749719999912e+02
1.504383749719999912e+02
1.506883749719999912e+02
1.509383749719999912e+02
1.511883749719999912e+02
1.514383749719999912e+02
1.516883749719999912e+02
1.519383749719999912e+02
1.521883749719999912e+02
1.524383749719999912e+02
1.526883749719999912e+02
1.529383749719999912e+02
1.531883749719999912e+02
1.534383749719999912e+02
1.536883749719999912e+02
1.539383749719999912e+02
1.541883749719999912e+02
1.544383749719999912e+02
1.546883749719999912e+02
1.549383749719999912e+02
1.551883749719999912e+02
1.554383749719999912e+02
1.556883749719999912e+02
1.559383749719999912e+02
1.561883749719999912e+02
1.564383749719999912e+02
1.566883749719999912e+02
1.569383749719999912e+02
1.571883749719999912e+02
1.574383749719999912e+02
1.576883749719999912e+02
1.579383749719999912e+02
1.581883749719999912e+02
1.584383749719999912e+02
1.586883749719999912e+02
1.589383749719999912e+02
1.591883749719999912e+02
1.594383749719999912e+02
1.596883749719999912e+02
1.599383749719999912e+02
1.601883749719999912e+02
1.604383749719999912e+02
1.606883749719999912e+02
1.609383749719999912e+02
1.611883749719999912e+02
1.614383749719999912e+02
1.616883749719999912e+02
1.619383749719999912e+02
1.621883749719999912e+02
1.624383749719999912e+02
1.626883749719999912e+02
1.629383749719999912e+02
1.631883749719999912e+02
1.634383749719999912e+02
1.636883749719999912e+02
1.639383749719999912e+02
1.641883749719999912e+02
1.644383749719999912e+02
1.646883749719999912e+02
1.649383749719999912e+02
1.651883749719999912e+02
1.654383749719999912e+02
1.656883749719999912e+02
1.659383749719999912e+02
1.661883749719999912e+02
1.664383749719999912e+02
1.666883749719999912e+02
1.669383749719999912e+02
1.671883749719999912e+02
1.674383749719999912e+02
1.676883749719999912e+02
