0.000000000000000000e+00
0.000000000000000000e+00
0.000000000000000000e+00
0.000000000000000000e+00
0.000000000000000000e+00
0.000000000000000000e+00
0.000000000000000000e+00
0.000000000000000000e+00
0.000000000000000000e+00
0.000000000000000000e+00
0.000000000000000000e+00
0.000000000000000000e+00
0.000000000000000000e+00
0.000000000000000000e+00
0.000000000000000000e+00
0.000000000000000000e+00
0.000000000000000000e+00
0.000000000000000000e+00
0.000000000000000000e+00
0.000000000000000000e+00
0.000000000000000000e+00
0.000000000000000000e+00
1.209375000436862457e+01
2.904284274038422353e+01
3.414919355015581459e+01
4.184677420260604919e+01
4.927419355576473237e+01
5.386643145551040845e+01
5.734072580681214504e+01
6.059022177791271702e+01
6.226461693662230346e+01
6.357988911115897679e+01
6.489516128569565012e+01
6.189045698575092302e+01
5.838306451254667451e+01
5.567775537503711547e+01
5.330510752703063559e+01
5.093245967914468508e+01
4.855981183137093637e+01
4.594959677784091667e+01
4.285483871056160154e+01
4.022605847092956566e+01
4.045816532544532862e+01
4.069027217996109158e+01
4.092237903447685454e+01
4.115448588899261750e+01
4.138659274350838047e+01
4.148979335156004566e+01
4.129637097251138300e+01
4.110294859346272034e+01
4.090952621441405057e+01
4.071610383536538791e+01
4.052268145631672525e+01
4.041935483999999690e+01
4.041935483999999690e+01
4.041935483999999690e+01
4.041935483999999690e+01
4.041935483999999690e+01
4.041935483999999690e+01
4.041935483999999690e+01
4.174092740779386901e+01
4.321093749589615385e+01
4.468094758399843869e+01
4.642909946869708193e+01
4.818279570758342345e+01
5.281401215494254586e+01
5.606350809246913514e+01
5.940625000115412746e+01
6.263306451019215615e+01
6.379349078577794785e+01
6.352822580996755164e+01
6.326296083415715543e+01
6.299769585834675922e+01
6.273243088253635591e+01
6.103225812186451549e+01
5.715120970259911815e+01
5.405645165593311674e+01
5.096169353438502014e+01
4.756149191497115680e+01
4.440221774175342517e+01
4.285483870218675406e+01
4.130745966262009006e+01
3.986411288971444122e+01
3.868810482890317815e+01
3.751209676809191507e+01
3.633608870728065909e+01
3.482762095806331359e+01
3.312550401214154050e+01
3.142338706621977096e+01
2.894858869156274750e+01
2.616330648419330629e+01
2.410836696113029731e+01
2.271572582449239874e+01
2.132308468785449662e+01
1.946169355650464894e+01
1.729536290712491464e+01
1.545161290875370597e+01
1.405897179462877666e+01
0.000000000000000000e+00
0.000000000000000000e+00
0.000000000000000000e+00
0.000000000000000000e+00
0.000000000000000000e+00
0.000000000000000000e+00
0.000000000000000000e+00
0.000000000000000000e+00
0.000000000000000000e+00
0.000000000000000000e+00
0.000000000000000000e+00
0.000000000000000000e+00
0.000000000000000000e+00
0.000000000000000000e+00
0.000000000000000000e+00
0.000000000000000000e+00
0.000000000000000000e+00
3.141885071772121840e+00
1.018245970642600540e+01
1.722303434107988807e+01
2.659072572566736170e+01
3.297832661724086023e+01
3.803225811468796280e+01
4.298387097480819818e+01
5.127016133255122554e+01
5.436491939983052646e+01
5.745967746710982738e+01
5.926579303955215750e+01
6.101948927843850612e+01
6.277318551732483343e+01
6.452688175621118205e+01
6.376940520921014866e+01
6.121622982531967239e+01
5.866305444142920322e+01
5.575000001384932347e+01
5.265524194657000123e+01
4.911895164364590727e+01
4.510836698702726721e+01
4.185887096042966959e+01
4.059173387533885347e+01
4.090120968139257229e+01
4.121068548744629112e+01
4.152016129350000284e+01
4.139213709967687294e+01
4.122020609568533445e+01
4.104827509169378885e+01
4.087634408770224326e+01
4.070441308371070477e+01
4.053248207971915917e+01
4.040973240594755111e+01
4.038159824195395231e+01
4.035346407796035351e+01
4.032532991396675470e+01
4.029719574997315590e+01
4.026906158597955709e+01
4.024092742198595829e+01
4.021279325799235949e+01
4.062379031820049136e+01
4.198548386099933794e+01
4.334717740379819162e+01
4.470887094659704530e+01
4.615322578972981660e+01
4.763870967288205804e+01
4.912419355603429949e+01
5.068044361799542230e+01
5.578679437892368043e+01
6.037298385609643958e+01
6.407174059931294607e+01
6.350436828659769617e+01
6.293699597388245337e+01
6.236962366116721057e+01
6.180225134845196777e+01
5.694556448157728568e+01
5.475100807171715189e+01
5.258467744327307258e+01
5.041834681360278125e+01
4.825201616879150635e+01
4.608568552398023854e+01
4.426209679851773160e+01
4.248261090113157934e+01
4.070312500374542708e+01
3.899848789637586322e+01
3.729637095045407591e+01
3.556653222343952336e+01
3.329704297714702221e+01
3.102755373085451396e+01
2.924596772884883222e+01
2.754385080625516835e+01
2.584173388366150803e+01
2.472227823312237049e+01
2.363911291071672593e+01
2.255594758831108493e+01
2.147278226590544392e+01
2.008442541106694534e+01
1.845967742003585244e+01
1.683492942900480571e+01
1.386290328560837182e+01
7.883064627280078618e+00
1.693548492721520304e+00
0.000000000000000000e+00
0.000000000000000000e+00
0.000000000000000000e+00
0.000000000000000000e+00
0.000000000000000000e+00
0.000000000000000000e+00
0.000000000000000000e+00
0.000000000000000000e+00
0.000000000000000000e+00
0.000000000000000000e+00
0.000000000000000000e+00
0.000000000000000000e+00
0.000000000000000000e+00
4.173891093604845892e+00
1.121446572825873034e+01
1.825504036291261301e+01
2.545211694550750536e+01
3.219254028556547098e+01
3.698941524487776888e+01
4.143548385603826745e+01
4.585987906907977418e+01
5.050201612758395697e+01
5.397832658339339673e+01
5.904032251757119099e+01
6.243266128532900439e+01
6.329919354008655574e+01
6.416572579484410710e+01
6.503225804960165135e+01
6.255645161961653855e+01
6.008064514952350521e+01
5.760483867943046477e+01
5.502016124274712894e+01
5.223487898448000522e+01
4.899596767483981807e+01
4.481081991207619808e+01
4.243817205973397222e+01
4.069916474510475268e+01
4.092021889367094900e+01
4.114127304223715242e+01
4.136232719080334874e+01
4.158338133936954506e+01
4.174596774127115850e+01
4.153965053602446034e+01
4.133333333077776217e+01
4.112701612553107111e+01
4.092069892028437295e+01
4.082399193320307518e+01
4.076209677254054498e+01
4.070020161187802188e+01
4.063830645121549168e+01
4.057641129055296147e+01
4.051451612989043127e+01
4.045262096922790107e+01
4.039072580856537087e+01
4.032883064790284777e+01
4.026693548724031757e+01
4.020504032657778737e+01
4.178965050301078321e+01
4.374966394485966248e+01
4.670967739620098769e+01
5.024294357160049174e+01
5.364717741678777685e+01
5.770766128025878317e+01
6.204032257444983145e+01
6.375504032562086820e+01
6.303293011068377183e+01
6.231081989574666835e+01
6.158870968080957198e+01
6.044758064869117931e+01
5.673387100188783450e+01
5.372244626547081481e+01
5.104032260411643307e+01
4.830745969900897308e+01
4.552217744074180672e+01
4.320564516909765018e+01
4.196774194025960725e+01
4.072983871142155721e+01
3.949193548258351427e+01
3.825403225374546423e+01
3.688004031307167452e+01
3.494581653926598364e+01
3.301159276546029986e+01
3.116733873573118885e+01
2.955806452715552268e+01
2.794879031857986007e+01
2.633951611000419391e+01
2.469133062351876973e+01
2.302016127466622919e+01
2.134899192581369221e+01
1.967782257696115167e+01
1.782459676864052511e+01
1.596774192827293426e+01
1.135509068477962558e+01
6.016632996047459159e+00
6.781753073152927414e-01
0.000000000000000000e+00
0.000000000000000000e+00
0.000000000000000000e+00
0.000000000000000000e+00
0.000000000000000000e+00
0.000000000000000000e+00
0.000000000000000000e+00
0.000000000000000000e+00
0.000000000000000000e+00
0.000000000000000000e+00
0.000000000000000000e+00
0.000000000000000000e+00
0.000000000000000000e+00
0.000000000000000000e+00
0.000000000000000000e+00
0.000000000000000000e+00
8.467743453940044240e-01
1.013104854723196446e+01
1.941532274906992228e+01
2.981149191102742435e+01
3.507258071697382462e+01
4.254133058638798559e+01
4.973387098831648956e+01
5.262231185263333799e+01
5.549731185483385332e+01
5.817943551161977211e+01
6.086155916840569802e+01
6.187147178415096960e+01
6.264516129982869330e+01
6.341885081550640990e+01
6.419254033118413361e+01
5.702318556369741742e+01
5.113709681219014414e+01
4.804233874491082190e+01
4.422983871342739803e+01
4.044173387504868344e+01
4.062741935840680441e+01
4.081310484176492537e+01
4.099879032512305344e+01
4.118447580848117440e+01
4.137016129183929536e+01
4.155584677519741632e+01
4.174153225855554439e+01
4.160416666884703574e+01
4.139784946360034468e+01
4.119153225835364651e+01
4.098521505310694835e+01
4.085123847764280924e+01
4.080702764849426956e+01
4.076281681934573697e+01
4.071860599019719729e+01
4.067439516104866470e+01
4.063018433190012502e+01
4.058597350275158533e+01
4.054176267360305275e+01
4.049755184445451306e+01
4.045334101530598048e+01
4.084879030511741860e+01
4.270564514548500767e+01
4.456249998585260386e+01
4.641935482622019293e+01
4.827620966658778912e+01
5.105745970588823468e+01
5.552217746006771648e+01
6.068548381982371609e+01
6.382207664198570995e+01
6.232627690908668683e+01
6.083047717618766370e+01
5.933467744328864057e+01
5.783887771038961745e+01
5.599314517713157358e+01
5.407439516185008443e+01
5.215564514656858819e+01
5.020640118349987802e+01
4.811743950888616439e+01
4.602847783427245076e+01
4.402016130986192621e+01
4.224067541247579527e+01
4.046118951508965722e+01
3.878755039411173300e+01
3.731754030600944105e+01
3.584753021790714200e+01
3.382056448392241776e+01
3.103528227655301208e+01
2.860080647986287872e+01
2.731132395221053244e+01
2.602184142455818616e+01
2.473235889690584344e+01
2.344287636925349716e+01
2.146849801082232645e+01
1.937953630415228545e+01
1.729057459748224446e+01
1.512903227694897623e+01
9.406250043170508945e+00
0.000000000000000000e+00
0.000000000000000000e+00
0.000000000000000000e+00
0.000000000000000000e+00
0.000000000000000000e+00
0.000000000000000000e+00
0.000000000000000000e+00
0.000000000000000000e+00
0.000000000000000000e+00
0.000000000000000000e+00
0.000000000000000000e+00
0.000000000000000000e+00
0.000000000000000000e+00
0.000000000000000000e+00
0.000000000000000000e+00
0.000000000000000000e+00
0.000000000000000000e+00
2.256720039588214100e+00
1.174731092410072719e+01
2.128830497378546127e+01
3.008165316278703116e+01
3.518800463041162629e+01
4.149193554413424323e+01
4.712298375421616470e+01
5.145564560491103379e+01
5.937658391006852554e+01
6.039343304007981317e+01
6.141028217009110790e+01
6.242713130010240263e+01
6.344398043011369737e+01
6.403225788108260019e+01
6.093749984436404077e+01
5.784274180764548134e+01
5.448941528870530959e+01
5.000201674602310931e+01
4.690087387279303499e+01
4.432190848759569946e+01
4.221421366585732926e+01
4.065860213180056348e+01
4.083053313683937802e+01
4.100246414187819965e+01
4.117439514691702129e+01
4.134632615195584293e+01
4.151825715699466457e+01
4.169018816203348621e+01
4.153679438787037981e+01
4.107258068201996082e+01
4.060836697616953472e+01
4.041935483999999690e+01
4.041935483999999690e+01
4.041935483999999690e+01
4.041935483999999690e+01
4.041935483999999690e+01
4.041935483999999690e+01
4.041935483999999690e+01
4.041935483999999690e+01
4.096749005493887807e+01
4.193460194184173417e+01
4.290171382874459027e+01
4.386882571564743927e+01
4.483593760255029537e+01
4.580304948945314436e+01
5.193548427727039041e+01
5.410181480332037296e+01
5.626814532937035551e+01
5.927116943154729967e+01
6.246908592499344337e+01
6.314793350979432063e+01
6.229687505021065874e+01
6.144581659062699686e+01
6.059475813104333497e+01
5.974369967145967308e+01
5.889264121187601120e+01
5.644220429338256650e+01
5.355376305958602501e+01
5.060383019257646708e+01
4.761223089535056374e+01
4.470463698070834369e+01
4.191935487056592535e+01
3.943800410657603805e+01
3.804536298902475977e+01
3.665272187147347438e+01
3.527553772083052763e+01
3.393447584342495560e+01
3.259341396601939067e+01
3.125235208861381864e+01
2.991129021120825016e+01
2.780947564065322197e+01
2.564314501563549697e+01
2.347782247365660524e+01
2.162096773508442737e+01
1.976411299651224951e+01
1.782325289289015657e+01
1.586323955849209355e+01
8.645162304474450110e+00
0.000000000000000000e+00
0.000000000000000000e+00
0.000000000000000000e+00
0.000000000000000000e+00
0.000000000000000000e+00
0.000000000000000000e+00
0.000000000000000000e+00
0.000000000000000000e+00
0.000000000000000000e+00
0.000000000000000000e+00
0.000000000000000000e+00
0.000000000000000000e+00
0.000000000000000000e+00
0.000000000000000000e+00
0.000000000000000000e+00
0.000000000000000000e+00
0.000000000000000000e+00
0.000000000000000000e+00
0.000000000000000000e+00
2.752016413100952796e+00
1.683316355954960031e+01
2.351008036923666111e+01
2.898991990849355815e+01
3.460483893944922329e+01
3.718380385337139415e+01
3.989213723191776495e+01
4.283215777076858899e+01
4.319086022603821817e+01
4.325963262325551284e+01
4.332840502047280040e+01
4.339717741769008796e+01
4.346594981490737553e+01
4.353472221212467019e+01
4.347782262999001546e+01
4.316834681852047595e+01
4.285887100705092934e+01
4.254939519558138983e+01
4.223991938411184321e+01
4.193044357264229660e+01
4.162096776117275709e+01
4.131980847497314357e+01
4.124243952342701647e+01
4.116507057188088936e+01
4.108770162033476225e+01
4.101033266878863515e+01
4.093296371724250804e+01
4.085559476569638804e+01
4.077822581415026093e+01
4.070085686260413382e+01
4.064516128999999722e+01
4.064516128999999722e+01
4.064516128999999722e+01
4.064516128999999722e+01
4.064516128999999722e+01
4.064516128999999722e+01
4.064516128999999722e+01
4.064516128999999722e+01
4.064516128999999722e+01
4.064516128999999722e+01
4.065956221309123464e+01
4.088061635473257383e+01
4.110167049637390591e+01
4.132272463801523799e+01
4.154377877965657717e+01
4.176483292129790925e+01
4.218911285380790588e+01
4.262237899068759361e+01
4.305564512756728845e+01
4.322715056067527684e+01
4.281451613738530426e+01
4.240188171409533169e+01
4.198924729080535201e+01
4.157661286751537943e+01
4.068346769981010880e+01
3.975504032823984346e+01
3.836693537066800275e+01
3.718132556402691336e+01
3.691053423418652812e+01
3.663974290434614289e+01
3.636895157450575766e+01
3.609816024466537243e+01
3.582736891482498720e+01
3.533215718234479397e+01
3.455846770908183174e+01
3.378477823581886952e+01
3.301108876255590729e+01
3.193044413674106963e+01
2.817204301984422088e+01
2.734677417326427218e+01
2.652150532668432348e+01
2.569623648010437478e+01
2.487096763352442608e+01
2.325268803441244003e+01
2.160215048749221722e+01
1.686340707836949804e+01
1.516129038905707382e+01
1.214193583852524050e+01
8.180645441847291366e+00
4.219355045169342233e+00
2.580646484913931005e-01
0.000000000000000000e+00
0.000000000000000000e+00
0.000000000000000000e+00
0.000000000000000000e+00
0.000000000000000000e+00
0.000000000000000000e+00
0.000000000000000000e+00
0.000000000000000000e+00
0.000000000000000000e+00
0.000000000000000000e+00
0.000000000000000000e+00
0.000000000000000000e+00
0.000000000000000000e+00
0.000000000000000000e+00
0.000000000000000000e+00
4.674730455227631865e+00
1.230846660116821312e+01
2.024798281433039904e+01
2.452419355155211989e+01
2.700000032207251621e+01
2.859038990451739437e+01
2.931250008139019414e+01
3.003461025826299391e+01
3.075672043513579368e+01
3.147883061200859345e+01
3.220094078888138966e+01
3.292305096575419299e+01
3.296774194000000335e+01
3.296774194000000335e+01
3.296774194000000335e+01
3.296774194000000335e+01
3.296774194000000335e+01
3.296774194000000335e+01
3.296774194000000335e+01
3.296774194000000335e+01
3.296774194000000335e+01
3.296774194000000335e+01
3.296774194000000335e+01
3.296774194000000335e+01
3.296774194000000335e+01
3.296774194000000335e+01
3.296774194000000335e+01
3.296774194000000335e+01
3.296774194000000335e+01
3.296774194000000335e+01
3.296774194000000335e+01
3.296774194000000335e+01
3.296774194000000335e+01
3.296774194000000335e+01
3.296774194000000335e+01
3.296774194000000335e+01
3.296774194000000335e+01
3.296774194000000335e+01
3.296774194000000335e+01
3.296774194000000335e+01
3.296774194000000335e+01
3.296774194000000335e+01
3.296774194000000335e+01
3.296774194000000335e+01
3.296774194000000335e+01
3.296774194000000335e+01
3.296774194000000335e+01
3.296774194000000335e+01
3.296774194000000335e+01
3.296774194000000335e+01
3.296774194000000335e+01
3.296774194000000335e+01
3.296774194000000335e+01
3.296774194000000335e+01
3.296774194000000335e+01
3.295362904827987194e+01
3.286520738796511409e+01
3.277678572765036336e+01
3.268836406733560551e+01
3.259994240702084767e+01
3.251152074670609693e+01
3.242309908639133909e+01
3.233467742607658835e+01
3.224625576576183050e+01
3.215783410544707266e+01
3.206941244513232192e+01
3.147983871043859594e+01
3.086088708475842779e+01
3.024193545907825964e+01
2.948538301055988597e+01
2.840221769805102170e+01
2.731905238554216098e+01
2.613844085380104332e+01
2.479737909892698866e+01
